name,affiliation,homepage,scholarid
R. A. Bodnar,University of Southampton,https://www.ecs.soton.ac.uk/people/rab1e14,NOSCHOLARPAGE
R. B. Mishra,IIT (BHU) Varanasi,http://www.iitbhu.ac.in/cse/index.php/people/faculty/24.html,5ujlOtgAAAAJ
R. B. Sandeep,IIT Dharwad,https://sites.google.com/site/homepagesandeeprb/,OWtAvUsAAAAJ
R. B. V. Subramanyam,National Institute of Technology Warangal,https://wsdc.nitw.ac.in/facultynew/facultyprofile/id/16341,NOSCHOLARPAGE
R. Benjamin Shapiro,University of Washington,https://benshapi.ro,etj4J9QAAAAJ
R. Chandrasekaran,University of Texas at Dallas,https://www.utdallas.edu/~chandra,NOSCHOLARPAGE
R. Clint Whaley,Indiana University,http://homes.sice.indiana.edu/rcwhaley,NOSCHOLARPAGE
R. Clinton Whaley,Indiana University,http://homes.sice.indiana.edu/rcwhaley,NOSCHOLARPAGE
R. E. Ellis,Queen’s University,http://www.cs.queensu.ca/~ellis,u97Fg9IAAAAJ
R. Govindarajan,IISc Bangalore,http://www.csa.iisc.ac.in/~govind,wWrR-qgAAAAJ
R. Inkulu,IIT Guwahati,http://www.iitg.ernet.in/rinkulu,NOSCHOLARPAGE
R. Iris Bahar,Colorado School of Mines,https://people.mines.edu/ribahar,kfIj9oYAAAAJ
R. Jayakumar,Concordia University,http://www.concordia.ca/faculty/rajagopalan-jayakumar.html,uyA1jcQAAAAJ
R. K. Bagga,IIIT Hyderabad,https://www.iiit.ac.in/people/faculty/rbagga,NOSCHOLARPAGE
R. Krithika 0001,IIT Palakkad,https://www.iitpkd.ac.in/people/krithika,nAeD9dUAAAAJ
R. M. Duwairi,JUST,http://www.just.edu.jo/eportfolio/Pages/Default.aspx?email=rehab,J6lMBuEAAAAJ
R. Michael Young,University of Utah,https://faculty.utah.edu/u6006841-ROBERT_MICHAEL_YOUNG/research/index.hml,HLz6zx4AAAAJ
R. Mukundan,University of Canterbury,http://www.cosc.canterbury.ac.nz/mukundan,Bk5BJ80AAAAJ
R. Mukundan 0001,University of Canterbury,http://www.cosc.canterbury.ac.nz/mukundan,Bk5BJ80AAAAJ
R. Padmavathy,National Institute of Technology Warangal,https://wsdc.nitw.ac.in/facultynew/facultyprofile/id/16345,QVuSh6EAAAAJ
R. Ramanujam,IMSc,http://www.imsc.res.in/~jam,NOSCHOLARPAGE
R. Rodrey Howell,Kansas State University,http://people.cs.ksu.edu/~rhowell,NOSCHOLARPAGE
R. Ryan Williams,Massachusetts Institute of Technology,http://web.stanford.edu/~rrwill,Wp38QQYAAAAJ
R. S. Lazic,University of Warwick,https://warwick.ac.uk/fac/sci/dcs/people/ranko_lazic/biography,yGOk7boAAAAJ
R. S. Meir,Technion,https://ronmeir.net.technion.ac.il,r3NAa9oAAAAJ
R. Sekar 0001,Stony Brook University,http://seclab.cs.sunysb.edu/sekar,FBIbhGoAAAAJ
R. Sharathkumar,North Carolina State University,https://www.csc.ncsu.edu/people/skraghve,kOfRa7MAAAAJ
R. Stuart Geiger,Univ. of California - San Diego,https://stuartgeiger.com,0AvWi3wAAAAJ
R. V. Dantu,University of North Texas,http://www.cse.unt.edu/~rdantu/index.html,NOSCHOLARPAGE
R. Venkatesh Babu,IISc Bangalore,https://cds.iisc.ac.in/faculty/venky/,cVg7HrEAAAAJ
R. Venkatesha Prasad,TU Delft,http://homepage.tudelft.nl/w5p50,9RVkIfsAAAAJ
R.C. Hansdah,IISc Bangalore,http://www.csa.iisc.ac.in/people/people-faculty-hansdah.html,ZxBF_lUAAAAJ
Raanan Fattal,Hebrew University of Jerusalem,http://www.cs.huji.ac.il/~raananf,9fO1bn8AAAAJ
Rabi N. Mahapatra,Texas A&M University,http://codesign.cs.tamu.edu/people/director,PHGvd5cAAAAJ
Rabie Ben Atitallah,Galatasaray University,https://cv.gsu.edu.tr/tr/CV/rabie-ben-atitallah,EkBJrH4AAAAJ
Rachee Singh,Cornell University,https://www.racheesingh.com/,GKja_-QAAAAJ
Rachel Blagojevic,Massey University,https://www.massey.ac.nz/massey/learning/colleges/college-of-sciences/staff-profile.cfm?stref=380350,22gHgyAAAAAJ
Rachel Cardell-Oliver,University of Western Australia,http://uwa.edu.au/people/rachel.cardell-oliver,2vXqE0wAAAAJ
Rachel Cavill,Maastricht University,https://www.maastrichtuniversity.nl/rachel.cavill,H56EnEYAAAAJ
Rachel Douglas-Jones,IT University of Copenhagen,https://pure.itu.dk/portal/en/persons/rachel-douglasjones(f11b0cc1-ad9f-4b12-b805-65b70e5bcd65).html,EEpVj44AAAAJ
Rachel Greenstadt,New York University,https://www.cs.drexel.edu/~greenie,FsbND-sAAAAJ
Rachel Karchin,Johns Hopkins University,https://karchinlab.org/,_3axEQ8AAAAJ
Rachel Kolodny,University of Haifa,https://cs.haifa.ac.il/~trachel,WTihfsYAAAAJ
Rachel McDonnell,Trinity College Dublin,https://www.scss.tcd.ie/Rachel.McDonnell,wNunWxoAAAAJ
Rachel Menzies,University of Dundee,https://discovery.dundee.ac.uk/en/persons/rachel-menzies,AP_IlJUAAAAJ
Rachel Player,Royal Holloway University of London,https://pure.royalholloway.ac.uk/en/persons/rachel-player,nW3l2MAAAAAJ
Rachel Pottinger,University of British Columbia,http://www.cs.ubc.ca/~rap,B_GQDXMAAAAJ
Rachel Rudinger,University of Maryland - College Park,https://rudinger.github.io,QKCHaHUAAAAJ
Rachel Schwartz,University of Rhode Island,https://schwartzlaburi.github.io/,z-xKqyIAAAAJ
Rachelle Bosua,University of Melbourne,http://www.msi.unimelb.edu.au/people/rachelle-bosua,4RZU_pIAAAAJ
Rachelle S. Heller,George Washington University,https://www.seas.gwu.edu/~sheller,NOSCHOLARPAGE
Rachid Guerraoui,EPFL,http://lpdwww.epfl.ch/rachid,_TR-7CEAAAAJ
Rachid Hadjidj,Qatar University,http://www.qu.edu.qa/engineering/computer/faculty/rachid.php,vCPvJMMAAAAJ
Rachid Hourizi,University of Bath,http://www.bath.ac.uk/cdas/people/associates/rachid-hourizi/index.html,NOSCHOLARPAGE
Rachit Agarwal 0001,Cornell University,http://www.cs.cornell.edu/~ragarwal,0YTyPHoAAAAJ
Rachit Nigam,Massachusetts Institute of Technology,https://rachit.pl/,RNL2GjEAAAAJ
Rada Chirkova,North Carolina State University,https://www.csc.ncsu.edu/people/rychirko,Jh3QCRYAAAAJ
Rada Flavia Mihalcea,University of Michigan,https://web.eecs.umich.edu/~mihalcea,UetM7FgAAAAJ
Rada Mihalcea,University of Michigan,https://web.eecs.umich.edu/~mihalcea,UetM7FgAAAAJ
Rada Y. Chirkova,North Carolina State University,https://www.csc.ncsu.edu/people/rychirko,Jh3QCRYAAAAJ
Rade Kutil,University of Salzburg,https://www.cosy.sbg.ac.at/~rkutil,NOSCHOLARPAGE
Radek Pelánek,Masaryk University,https://www.muni.cz/en/people/4297,Q5pgzoUAAAAJ
Radha Jagadeesan,DePaul University,http://reed.cs.depaul.edu/rjagadeesan,zh0DETsAAAAJ
Radha Venkatagiri,Georgetown University,https://gufaculty360.georgetown.edu/s/contact/0031Q00002cs4FTQAY/radha-venkatagiri,R4KY_noAAAAJ
Radhakrishnan Venkatesh Babu,IISc Bangalore,https://cds.iisc.ac.in/faculty/venky/,cVg7HrEAAAAJ
Radhika Mamidi,IIIT Hyderabad,https://www.iiit.ac.in/people/faculty/radhikamamidi,DsIpZR0AAAAJ
Radhika Mittal,Univ. of Illinois at Urbana-Champaign,http://radhikam.web.illinois.edu,96mJbhwAAAAJ
Radhika Nagpal,Princeton University,http://www.radhikanagpal.org,a3ZGDsoAAAAJ
Radim Bartos,University of New Hampshire,http://www.cs.unh.edu/~rbartos,VgGq9i0AAAAJ
Radim Sára,Czech Technical University,http://cmp.felk.cvut.cz/~sara,STnEoYAAAAAJ
Radoslav Ivanov,Rensselaer Polytechnic Institute,http://www.cs.rpi.edu/~ivanor/,fLDy4eAAAAAJ
Radu C. Calinescu,University of York,https://www-users.cs.york.ac.uk/~raduc,NLiNqPwAAAAJ
Radu Calinescu,University of York,https://www-users.cs.york.ac.uk/~raduc,NLiNqPwAAAAJ
Radu Curticapean,IT University of Copenhagen,https://pure.itu.dk/da/persons/radu-cristian-curticapean,5MeyUVQAAAAJ
Radu Dobrin,Mälardalen University,http://www.es.mdh.se/staff/44-Radu_Dobrin,GQuDs5MAAAAJ
Radu Grigore,University of Kent,https://www.cs.kent.ac.uk/people/staff/rg399,njvGGTgAAAAJ
Radu Grosu,TU Wien,https://ti.tuwien.ac.at/cps/people/grosu,1g_muAgAAAAJ
Radu Jianu,City University of London,https://www.city.ac.uk/people/academics/radu-jianu,z1YqlisAAAAJ
Radu Marculescu,Carnegie Mellon University,https://www.ece.cmu.edu/directory/department/faculty/M/Radu_Marculescu_109.html,ZCmYP5cAAAAJ
Radu Mardare,Aalborg University,http://people.cs.aau.dk/~mardare,NOSCHOLARPAGE
Radu Nicolescu,University of Auckland,https://unidirectory.auckland.ac.nz/profile/r-nicolescu,NOSCHOLARPAGE
Radu Prodan,University of Klagenfurt,http://www.itec.aau.at/~radu,ELx8lB8AAAAJ
Radu Sion,Stony Brook University,https://www.cs.stonybrook.edu/people/faculty/RaduSion,cn-X2AIAAAAJ
Radu Stoleru,Texas A&M University,http://faculty.cs.tamu.edu/stoleru,beAeG20AAAAJ
Radu Teodorescu,Ohio State University,http://web.cse.ohio-state.edu/~teodores,IKz0hvkAAAAJ
Radu Timofte,University of Würzburg,https://www.informatik.uni-wuerzburg.de/computervision,u3MwH5kAAAAJ
Radwa El Shawi,University of Tartu,https://bigdata.cs.ut.ee/dr-radwa-elshawi,RD5PdpwAAAAJ
Rae Harbird,University College London,http://www0.cs.ucl.ac.uk/people/R.Harbird.html,NOSCHOLARPAGE
Raef Bassily,Ohio State University,https://sites.google.com/view/rbassily,C8qMVQUAAAAJ
Raf Vandebril,KU Leuven,https://people.cs.kuleuven.be/~raf.vandebril,7TVXvioAAAAJ
Rafael A. Cabredo,De La Salle University,https://www.dlsu.edu.ph/colleges/ccs/faculty-profile/single/?id=32742737579&command=GETPROFILE,3Fqol3cAAAAJ
Rafael Bidarra,TU Delft,https://graphics.tudelft.nl/rafael-bidarra,hALzOP0AAAAJ
Rafael C. S. Schouery,UNICAMP,https://www.facebook.com/public/Raf-Saliba,1CLkVewaTAEC
Rafael Cabredo,De La Salle University,https://www.dlsu.edu.ph/colleges/ccs/faculty-profile/single/?id=32742737579&command=GETPROFILE,3Fqol3cAAAAJ
Rafael Capilla,Universidad Rey Juan Carlos,https://www.researchgate.net/profile/Rafael_Capilla,IXswbY8AAAAJ
Rafael Crivellari Saliba Schouery,UNICAMP,https://www.facebook.com/public/Raf-Saliba,1CLkVewaTAEC
Rafael Dueire Lins,UFPE,http://sites.google.com/site/rafaeldueirelins,jR-40QMAAAAJ
Rafael F. Schaefer,TU Berlin,https://www.commit.tu-berlin.de/menue/mitarbeiter/juniorprofessor_rafael_schaefer,PrTUgYQAAAAJ
Rafael F. Wyrembelski,TU Berlin,https://www.commit.tu-berlin.de/menue/mitarbeiter/juniorprofessor_rafael_schaefer,PrTUgYQAAAAJ
Rafael García Vázquez,University of A Coruña,https://pdi.udc.es/en/File/Pdi/HL99E,NOSCHOLARPAGE
Rafael H. Bordini,PUC-RS,http://www.inf.pucrs.br/r.bordini/Rafael_Bordini/Welcome.html,PAs5hY4AAAAJ
Rafael Heitor Bordini,PUC-RS,http://www.inf.pucrs.br/r.bordini/Rafael_Bordini/Welcome.html,PAs5hY4AAAAJ
Rafael M. Frongillo,University of Colorado Boulder,http://www.cs.colorado.edu/~rafr5066,ZtQVZawAAAAJ
Rafael Mendes de Oliveira,University of Waterloo,https://www.cs.utoronto.ca/~rafael,z5zwAxAAAAAJ
Rafael Pasquini,UFU,http://www.facom.ufu.br/~pasquini,Qt7oyS0AAAAJ
Rafael Pass [Tech],Cornell University,http://www.cs.cornell.edu/~rafael,NOSCHOLARPAGE
Rafael Perez,University of South Florida,http://www.usf.edu/engineering/cse/people/perez-rafael.aspx,q-LsHfYAAAAJ
Rafael Prikladnicki,PUC-RS,http://www.inf.pucrs.br/~rafael,_W9zu7sAAAAJ
Rafael Santos Coelho,UFRGS,https://www.inf.ufrgs.br/site/docente/rafael-santos-coelho,NOSCHOLARPAGE
Rafael Valencia-García,University of Murcia,http://webs.um.es/valencia/miwiki/doku.php,GLpBPNMAAAAJ
Rafail M. Ostrovsky,Univ. of California - Los Angeles,http://www.cs.ucla.edu/~rafail,UvFrX04AAAAJ
Rafail Ostrovsky,Univ. of California - Los Angeles,http://www.cs.ucla.edu/~rafail,UvFrX04AAAAJ
Rafal A. Angryk,Georgia State University,https://grid.cs.gsu.edu/~rangryk,Phw2RfEAAAAJ
Rafal K. Mantiuk,University of Cambridge,https://www.cl.cam.ac.uk/~rkm38,pJEb8x4AAAAJ
Rafal Mantiuk,University of Cambridge,https://www.cl.cam.ac.uk/~rkm38,pJEb8x4AAAAJ
Raffaele Pizzolante,University of Salerno,https://docenti.unisa.it/025505/home,NOSCHOLARPAGE
Raffaella Bernardi,University of Trento,http://disi.unitn.it/~bernardi,bMavvosAAAAJ
Raffaella Mirandola,Politecnico di Milano,http://home.deib.polimi.it/mirandol,_NqFoiYAAAAJ
Raffi Khatchadourian,CUNY,http://www.cs.hunter.cuny.edu/~Raffi.Khatchadourian99,gr8cON0AAAAJ
Ragesh Jaiswal,IIT Delhi,http://www.cse.iitd.ernet.in/~rjaiswal,hrbj92oAAAAJ
Raghav Sampangi,Dalhousie University,https://www.dal.ca/academics/programs/graduate/computer-science/graduate-life/current-students/raghav-sampangi.html,x_Cy69EAAAAJ
Raghava Mutharaju,IIIT Delhi,https://www.iiitd.ac.in/raghavam,69pEM_YAAAAJ
Raghavan Komondoor,IISc Bangalore,http://www.csa.iisc.ac.in/~raghavan,fZq9W2cAAAAJ
Raghavendra Kanakagiri,IIT Tirupati,https://raghavendrak.github.io,7udEeZcAAAAJ
Raghu Machiraju,Ohio State University,http://web.cse.ohio-state.edu/~raghu,HHialjcAAAAJ
Raghu Meka,Univ. of California - Los Angeles,http://www.raghumeka.org,xuDZ9-sAAAAJ
Raghu Reddy,IIIT Hyderabad,http://faculty.iiit.ac.in/~raghu.reddy,NOSCHOLARPAGE
Raghunath Tewari,IIT Kanpur,http://www.cse.iitk.ac.in/users/rtewari,Ks3QdEUAAAAJ
Raghuvansh Saxena,Tata Inst. of Fundamental Research,https://www.tcs.tifr.res.in/web/people/faculty,NOSCHOLARPAGE
Ragib Hasan,University of Alabama - Birmingham,http://ua-birmingham.academia.edu/RagibHasan,2R1w6xwAAAAJ
Ragunathan Raj Rajkumar,Carnegie Mellon University,https://users.ece.cmu.edu/~raj,6JU9KqgAAAAJ
Ragunathan Rajkumar,Carnegie Mellon University,https://users.ece.cmu.edu/~raj,6JU9KqgAAAAJ
Raheem A. Beyah,Georgia Institute of Technology,https://rbeyah.ece.gatech.edu,KhnJQ20AAAAJ
Raheem Beyah,Georgia Institute of Technology,https://rbeyah.ece.gatech.edu,KhnJQ20AAAAJ
Rahmatollah Beheshti,University of Delaware,https://www.cis.udel.edu/people/faculty-profile/?id=265,hi0U4RwAAAAJ
Rahul Banerjee,BITS Pilani,http://www.bits-pilani.ac.in/pilani/rahulbanerjee/profile,4ky6cJ0AAAAJ
Rahul Chatterjee 0001,University of Wisconsin - Madison,https://pages.cs.wisc.edu/~chatterjee,lR6kCu4AAAAJ
Rahul Dubey,DAIICT,http://www.daiict.ac.in/daiict/people/faculty.html,w5W-kUsAAAAJ
Rahul G. Krishnan,University of Toronto,http://www.cs.toronto.edu/~rahulgk/index.html,ilJgXHkAAAAJ
Rahul Garg 0001,IIT Delhi,http://www.cse.iitd.ernet.in/~rahulgarg,1B4UlwUAAAAJ
Rahul Gopinath,University of Sydney,https://rahul.gopinath.org,ZN-7smAAAAAJ
Rahul Jain 0001,National University of Singapore,https://www.comp.nus.edu.sg/~rahul,sq1To-IAAAAJ
Rahul Mangharam,University of Pennsylvania,http://www.seas.upenn.edu/~rahulm,b9WsJN4AAAAJ
Rahul Muthu,DAIICT,http://www.daiict.ac.in/daiict/people/faculty.html,NOSCHOLARPAGE
Rahul Narain,IIT Delhi,http://rahul.narain.name,NOSCHOLARPAGE
Rahul Purandare,University of Nebraska,https://cse-apps.unl.edu/facdb/users/103/details,_OLz-J0AAAAJ
Rahul Santhanam,University of Oxford,https://www.cs.ox.ac.uk/people/rahul.santhanam,rlMZibgAAAAJ
Rahul Sarpeshkar,Massachusetts Institute of Technology,http://www.rle.mit.edu/acbs,1UbzzQcAAAAJ
Rahul Savani,University of Liverpool,https://cgi.csc.liv.ac.uk/~rahul,bfqfILEAAAAJ
Rahul Shah 0001,Louisiana State University,http://www.csc.lsu.edu/~rahul,ZpkdT2UAAAAJ
Rahul Sharma 0003,University of Queensland,http://researchers.uq.edu.au/researcher/2660,UhDW6jkAAAAJ
Rahul Shome,Australian National University,http://comp.anu.edu.au/people/rahul-shome,tXraTF8AAAAJ
Rahul Simha,George Washington University,https://www.seas.gwu.edu/~simha,NOSCHOLARPAGE
Rahul Vaze,Tata Inst. of Fundamental Research,http://www.tcs.tifr.res.in/~vaze,NOSCHOLARPAGE
Raimund Dachselt,TU Dresden,https://mt.inf.tu-dresden.de/~dachselt,4SXviVAAAAAJ
Raimund Seidel,Saarland University,http://www-tcs.cs.uni-saarland.de,LyGtZIkAAAAJ
Raimundas Matulevicius,University of Tartu,http://www.ut.ee/en/kontakt/arvutiteaduse-instituut,2CN14WkAAAAJ
Rainer Böhme,University of Innsbruck,https://informationsecurity.uibk.ac.at/people/rainer-boehme,ez_Q6GMAAAAJ
Rainer Dietmann,Royal Holloway University of London,https://pure.royalholloway.ac.uk/en/persons/rainer-dietmann,NOSCHOLARPAGE
Rainer G. Spallek,TU Dresden,http://forschungsinfo.tu-dresden.de/detail/professur/249,NOSCHOLARPAGE
Rainer Gemulla,University of Mannheim,https://www.uni-mannheim.de/dws/people/professors/prof-dr-rainer-gemulla,s_GmFv0AAAAJ
Rainer Groh 0001,TU Dresden,https://tu-dresden.de/ing/informatik/smt/mg/die-professur/mitarbeiter/prof-dr-ing-habil-rainer-groh,1OaQa1kAAAAJ
Rainer Knauf,TU Ilmenau,https://www.tu-ilmenau.de/ki/mitarbeiter/leiter,IMSGBksAAAAJ
Rainer Koschke,University of Bremen,http://www.informatik.uni-bremen.de/~koschke,F02JdKUAAAAJ
Rainer Lienhart,University of Augsburg,https://www.uni-augsburg.de/de/fakultaet/fai/informatik/prof/mmc/team/lienhart,eKQPhGgAAAAJ
Rainer Malaka,University of Bremen,https://www.uni-bremen.de/dmlab-1/team/rainer-malaka,BBtN8OYAAAAJ
Rainer Spang,University of Regensburg,https://www.spang-lab.de,XxOvbqwAAAAJ
Rainer Stiefelhagen,Karlsruhe Institute of Technology,https://cvhci.anthropomatik.kit.edu/people_596.php,SFCOJxMAAAAJ
Raissa M. D'Souza,Univ. of California - Davis,http://mae.engr.ucdavis.edu/dsouza,jM23vRsKxuIC
Raiyan Abdul Baten,University of South Florida,https://www.raiyan-ab.com/,B5JI3bYAAAAJ
Raj Acharya,Indiana University,http://www.cse.psu.edu/~rua1,v28Y9r8AAAAJ
Raj Bhatnagar,University of Cincinnati,https://researchdirectory.uc.edu/p/bhatnark,0AGs4soAAAAJ
Raj Jain,Washington University in St. Louis,http://www.cse.wustl.edu/~jain,runT3RsAAAAJ
Raj Rajkumar,Carnegie Mellon University,https://users.ece.cmu.edu/~raj,6JU9KqgAAAAJ
Raj Reddy,Carnegie Mellon University,http://www.rr.cs.cmu.edu,6n7rzokAAAAJ
Raj S. Acharya,Indiana University,http://www.cse.psu.edu/~rua1,v28Y9r8AAAAJ
Raj Sunderraman,Georgia State University,http://tinman.cs.gsu.edu/~raj,pXsiqKwAAAAJ
Raja Appuswamy,EURECOM,http://www.eurecom.fr/en/people/appuswamy-raja,47beUDAAAAAJ
Raja Giryes,Tel Aviv University,http://web.eng.tau.ac.il/~raja,9aQUYVQAAAAJ
Raja Loganantharaj,University of Louisiana - Lafayette,http://louisiana.academia.edu/RasiahLoganantharaj,avhN-IMAAAAJ
Raja Natarajan,Tata Inst. of Fundamental Research,http://www.tcs.tifr.res.in/~raja,VOKcfrcAAAAJ
Raja R. Sambasivan,Tufts University,https://raja.cs.tufts.edu,Eaw_ahIAAAAJ
Raja S 0001,IIT Tirupati,https://iittp.ac.in/dr-s-raja,u_u7LggAAAAJ
Rajagopal Nagarajan,Middlesex University,http://www.cs.mdx.ac.uk/people/rajagopal_nagarajan/raja,SE6e-QMAAAAJ
Rajagopalan Jayakumar,Concordia University,http://www.concordia.ca/faculty/rajagopalan-jayakumar.html,uyA1jcQAAAAJ
Rajalakshmi Nandakumar [Tech],Cornell University,https://tech.cornell.edu/people/rajalakshmi-nandakumar,CO4txjAAAAAJ
Rajalida Lipikorn,Chulalongkorn University,http://www.math.sc.chula.ac.th/en/profile/rajalida.l,NOSCHOLARPAGE
Rajasekhar Anguluri,Univ. of Maryland - Baltimore County,https://www.csee.umbc.edu/rajasekhar-anguluri/,GH4f3-sAAAAJ
Rajasekhar Inkulu,IIT Guwahati,http://www.iitg.ernet.in/rinkulu,NOSCHOLARPAGE
Rajat Kumar De,ISI Kolkata,https://www.isical.ac.in/~rajat,gM9LAI0AAAAJ
Rajat Mittal 0001,IIT Kanpur,http://www.cse.iitk.ac.in/users/rmittal,gK5DF9QAAAAJ
Rajat Moona,IIT Kanpur,http://www.cse.iitk.ac.in/users/moona,NOSCHOLARPAGE
Rajat Subhra Chakraborty,IIT Kharagpur,https://sites.google.com/site/rschakraborty,ITIg9kkAAAAJ
Rajdeep Chatterjee,KIIT Bhubaneswar,https://cse.kiit.ac.in/profiles/rajdeep-chatterjee/,BozHYf4AAAAJ
Rajdeep Niyogi,IIT Roorkee,http://www.iitr.ac.in/departments/CSE/pages/People+Faculty+rajdpfec.html,NOSCHOLARPAGE
Rajeev Alur,University of Pennsylvania,https://www.cis.upenn.edu/~alur,kWnv_YkAAAAJ
Rajeev Balasubramonian,University of Utah,http://www.cs.utah.edu/~rajeev,9Zq_duwAAAAJ
Rajeev Barua,University of Maryland - College Park,https://terpconnect.umd.edu/~barua,NaIdl8EAAAAJ
Rajeev J. Ram,Massachusetts Institute of Technology,http://www.rle.mit.edu/sclaser,KSukVvIAAAAJ
Rajeev R. Raje,IUPUI,https://science.iupui.edu/people/raje-rajeev,kf7o8yAAAAAJ
Rajeev Sangal,IIT (BHU) Varanasi,https://www.iiit.ac.in/people/faculty/sangal,NOSCHOLARPAGE
Rajendra K. Raj,Rochester Institute of Technology,https://www.cs.rit.edu/~rkr,NOSCHOLARPAGE
Rajendra Mitharwal,DAIICT,http://faculty.daiict.ac.in/rmitharwal,NOSCHOLARPAGE
Rajendra V. Boppana,University of Texas at San Antonio,http://www.cs.utsa.edu/faculty/boppana,bNOQrU0AAAAJ
Rajesh Balan,Singapore Management University,https://apollo.smu.edu.sg,U1jLrJcAAAAJ
Rajesh Chitnis,University of Birmingham,https://www.birmingham.ac.uk/staff/profiles/computer-science/academic-staff/chitnis-rajesh.aspx,u4oLgMAAAAAJ
Rajesh Gupta 0001,Univ. of California - San Diego,http://mesl.ucsd.edu/gupta,I1w51gUAAAAJ
Rajesh Hemant Chitnis,University of Birmingham,https://www.birmingham.ac.uk/staff/profiles/computer-science/chitnis-rajesh.aspx,u4oLgMAAAAAJ
Rajesh K. Gupta 0001,Univ. of California - San Diego,http://mesl.ucsd.edu/gupta,I1w51gUAAAAJ
Rajesh Krishna Balan,Singapore Management University,https://apollo.smu.edu.sg,U1jLrJcAAAAJ
Rajesh Kumar 0012,BITS Pilani-Goa,https://beta.bits-pilani.ac.in/faculty-overview/?faculty=rajesh-kumar-3,ZZFnM2gAAAAJ
Rajesh Kumar Mundotiya,IIT Bhilai,https://rajeshkmmundotiya.wixsite.com/home,jp3MgBAAAAAJ
Rajesh P. N. Rao,University of Washington,https://homes.cs.washington.edu/~rao,02nHF0gAAAAJ
Rajesh Ranganath,New York University,https://cims.nyu.edu/~rajeshr,kddKBCsAAAAJ
Rajesh Sharma 0002,University of Tartu,https://rajeshsharma.cs.ut.ee/,GKegbo0AAAAJ
Rajib Lochan Das,DAIICT,http://www.daiict.ac.in/daiict/people/faculty.html,Mwvvro4AAAAJ
Rajib Mall,IIT Kharagpur,http://www.iitkgp.ac.in/department/CS/faculty/cs-rajib,dt2fhqYAAAAJ
Rajit Manohar,Yale University,http://csl.yale.edu/~rajit,xpiTjY0AAAAJ
Rajiv Bagai,Wichita State University,https://www.wichita.edu/profiles/academics/engineering/SoC/Bagai-Rajiv.php,NOSCHOLARPAGE
Rajiv Gupta 0001,Univ. of California - Riverside,http://www.cs.ucr.edu/~gupta,6P4bGWAAAAAJ
Rajiv K. Kalia,University of Southern California,http://physics.usc.edu/Faculty/Kalia,NOSCHOLARPAGE
Rajiv Khanna,Purdue University,https://www.cs.purdue.edu/people/faculty/rajivak.html,523w4w8AAAAJ
Rajiv Misra,IIT Patna,https://iitp.ac.in/index.php/departments/engineering/computer-science-a-engineering/people/faculty/dr-rajiv-misra.html,VDbjyx4AAAAJ
Rajiv Raman 0001,IIIT Delhi,https://www.iiitd.ac.in/rajiv,ota_lSEAAAAJ
Rajiv Ratn Shah,IIIT Delhi,https://old.iiitd.ac.in/people/adjunct-visiting,WAChZv4AAAAJ
Rajkumar Buyya,University of Melbourne,http://www.buyya.com,7xN6JqYAAAAJ
Rajmohan Rajaraman,Northeastern University,http://www.ccs.neu.edu/home/rraj,QZrx9MEAAAAJ
Rajsekar Manokaran,IIT Madras,http://www.cse.iitm.ac.in/~rajsekar,NOSCHOLARPAGE
Rajshekar Kalayappan,IIT Dharwad,https://www.iitdh.ac.in/~rajshekar.k/,w82I_8UAAAAJ
Rajshekhar Sunderraman,Georgia State University,http://tinman.cs.gsu.edu/~raj,pXsiqKwAAAAJ
Raju Bhukya,National Institute of Technology Warangal,https://wsdc.nitw.ac.in/facultynew/facultyprofile/id/16343,YUfDlyUAAAAJ
Raju Halder,IIT Patna,https://iitp.ac.in/~halder,mA0HQJEAAAAJ
Raju Rangaswami,Florida International University,http://www.cis.fiu.edu/~raju,-Y_xfI8AAAAJ
Raju S. Bapi,IIIT Hyderabad,https://www.iiit.ac.in/people/faculty/rajubapi,bbSYyiAAAAAJ
Rakesh B. Bobba,Oregon State University,http://eecs.oregonstate.edu/people/bobba-rakesh,_0x5unAAAAAJ
Rakesh Bobba,Oregon State University,http://eecs.oregonstate.edu/people/bobba-rakesh,_0x5unAAAAAJ
Rakesh Kumar 0002,Univ. of Illinois at Urbana-Champaign,https://www.ece.illinois.edu/directory/profile/rakeshk,HN8BPrEAAAAJ
Rakesh Kumar 0003,NTNU,https://www.ntnu.edu/employees/rakesh.kumar,z_ylJuoAAAAJ
Rakesh M. Verma,University of Houston,http://www2.cs.uh.edu/~rmverma,va3JOtYAAAAJ
Rakesh V. Vohra,University of Pennsylvania,https://sites.google.com/site/quaerereverum9/,JnWSU4oAAAAJ
Rakesh Venkat,IIT Hyderabad,https://www.iith.ac.in/~rakeshvenkat,Igl7BusAAAAJ
Rakesh Vohra,University of Pennsylvania,https://sites.google.com/site/quaerereverum9/,JnWSU4oAAAAJ
Rakeshbabu Bobba,Oregon State University,http://eecs.oregonstate.edu/people/bobba-rakesh,_0x5unAAAAAJ
Rakibul Hasan 0001,Arizona State University,https://rakib062.github.io,EuZ5pnwAAAAJ
Ralf Bierig,Maynooth University,https://www.maynoothuniversity.ie/faculty-science-engineering/our-people/ralf-bierig,PDb_0lwAAAAJ
Ralf H. Reussner,Karlsruhe Institute of Technology,http://sdq.ipd.kit.edu/people/ralf_reussner,wsPDe4IAAAAJ
Ralf Herbrich,Hasso Plattner Institute,https://hpi.de/en/research/research-groups/artificial-intelligence-and-sustainability/,RuvHkikAAAAJ
Ralf Hinze,TU Kaiserslautern,https://pl.cs.uni-kl.de/homepage/de/staff/RalfHinze,SGND_ocAAAAJ
Ralf Hofestädt,Bielefeld University,https://ekvv.uni-bielefeld.de/pers_publ/publ/PersonDetail.jsp?personId=161045,NOSCHOLARPAGE
Ralf Jung 0002,ETH Zurich,https://research.ralfj.de/,zddokfoAAAAJ
Ralf Küsters,University of Stuttgart,https://sec.informatik.uni-stuttgart.de/people/kuesters,NOSCHOLARPAGE
Ralf L. M. Peeters,Maastricht University,https://www.maastrichtuniversity.nl/ralf.peeters,4gv6c1sAAAAJ
Ralf Lämmel,University of Koblenz-Landau,http://softlang.wikidot.com/rlaemmel:home,rlhpWRQAAAAJ
Ralf M. Haefner,University of Rochester,https://www2.bcs.rochester.edu/sites/haefnerlab/index.html,XlAFwrsAAAAJ
Ralf Martin Zimmer,LMU Munich,https://www.bio.ifi.lmu.de/mitarbeiter/ralf-zimmer/index.html,lJd_PUwAAAAJ
Ralf Möller 0001,University of Lübeck,https://www.ifis.uni-luebeck.de/index.php?id=moeller,IF53lyMAAAAJ
Ralf Möller 0002,Bielefeld University,http://ekvv.uni-bielefeld.de/pers_publ/publ/PersonDetail.jsp?personId=3722277,Ahid9xsAAAAJ
Ralf Peeters,Maastricht University,https://www.maastrichtuniversity.nl/ralf.peeters,4gv6c1sAAAAJ
Ralf Romeike,Freie Universitaet Berlin,https://www.mi.fu-berlin.de/en/inf/groups/ag-ddi/team/prof/index.html,NOSCHOLARPAGE
Ralf Schenkel,University of Trier,https://www.uni-trier.de/index.php?id=17320,4gaNzroAAAAJ
Ralf Schlüter,RWTH Aachen University,http://www-i6.informatik.rwth-aachen.de/~schluter/,JmuAC9oAAAAJ
Ralf Zimmer,LMU Munich,https://www.bio.ifi.lmu.de/mitarbeiter/ralf-zimmer/index.html,lJd_PUwAAAAJ
Ralph Bergmann,University of Trier,https://www.uni-trier.de/index.php?id=12983,LTh6r-MAAAAJ
Ralph Deters,University of Saskatchewan,http://p2irc.usask.ca/profiles/theme-3/ralph-deters.php,oiWdcN0AAAAJ
Ralph Etienne-Cummings,Johns Hopkins University,https://engineering.jhu.edu/faculty/ralph-etienne-cummings,AA16968AAAAJ
Ralph Ewerth,University of Hannover,https://www2.kbs.uni-hannover.de/ewerth.html,rDiYRfwAAAAJ
Ralph Grishman,New York University,http://cs.nyu.edu/grishman,blwKAkUAAAAJ
Ralph Holz,University of Twente,https://research.utwente.nl/en/persons/ralph-günther-holz,x9wWrzkAAAAJ
Ralph Moseley,Middlesex University,https://www.mdx.ac.uk/about-us/our-people/staff-directory/profile/moseley-ralph,NOSCHOLARPAGE
Ralph-Günther Holz,University of Twente,https://research.utwente.nl/en/persons/ralph-günther-holz,x9wWrzkAAAAJ
Raluca A. Popa,Univ. of California - Berkeley,http://www.eecs.berkeley.edu/~raluca,NvKHgzkAAAAJ
Raluca Ada Popa,Univ. of California - Berkeley,http://www.eecs.berkeley.edu/~raluca,NvKHgzkAAAAJ
Raluca Gordân,Duke University,http://gordanlab.cs.duke.edu/,SV2GPKwAAAAJ
Ram Dantu,University of North Texas,http://www.cse.unt.edu/~rdantu/index.html,NOSCHOLARPAGE
Ram Gopal Raj,University of Malaya,https://umexpert.um.edu.my/ramdr,46t8jZUAAAAJ
Ram Nevatia,University of Southern California,http://iris.usc.edu/people/nevatia,EUMYhUvzt6IC
Ram Sarkar,Jadavpur University,http://www.jaduniv.edu.in/profile.php?uid=686,bDj0BUEAAAAJ
Ram Sundara Raman,Univ. of California - Santa Cruz,https://ramakrishnansr.com/,1gyokIMAAAAJ
Rama Chellappa,Johns Hopkins University,https://engineering.jhu.edu/ece/faculty/rama-chellappa,mZxsTCcAAAAJ
Rama Murthy Garimella,IIIT Hyderabad,https://www.iiit.ac.in/people/faculty/ramamurthy,YUWS9LAAAAAJ
Ramakant Nevatia,University of Southern California,http://iris.usc.edu/people/nevatia,EUMYhUvzt6IC
Ramakanth Kavuluru,University of Kentucky,http://www.cs.uky.edu/people/faculty/rkavuluru,azW9YzYAAAAJ
Ramakrishna Thurimella,University of Denver,https://ritchieschool.du.edu/ramakrishna-thurimella,tamVEbAAAAAJ
Ramakrishna Upadrasta,IIT Hyderabad,http://www.iith.ac.in/~ramakrishna,3qZCtWYAAAAJ
Ramakrishnan Durairajan,University of Oregon,http://ix.cs.uoregon.edu/~ram,6jzveA4AAAAJ
Ramakrishnan Mukundan,University of Canterbury,http://www.cosc.canterbury.ac.nz/mukundan,Bk5BJ80AAAAJ
Ramalingam Chellappa,Johns Hopkins University,https://engineering.jhu.edu/ece/faculty/rama-chellappa,mZxsTCcAAAAJ
Ramalingam Sridhar,University at Buffalo,http://www.cse.buffalo.edu/~rsridhar,xKC_LZ8AAAAJ
Ramalingaswamy Cheruku,National Institute of Technology Warangal,https://wsdc.nitw.ac.in/facultynew/facultyprofile/id/17070,E-XoNN0AAAAJ
Ramamohan Paturi,Univ. of California - San Diego,http://jacobsschool.ucsd.edu/faculty/faculty_bios/index.sfe?fmp_recid=118,NOSCHOLARPAGE
Ramamohanarao Kotagiri,University of Melbourne,http://findanexpert.unimelb.edu.au/display/person16028,UrYhkwQAAAAJ
Raman Arora,Johns Hopkins University,http://www.cs.jhu.edu/~raman/Home.html,Spe0xdkAAAAJ
Raman Balasubramanian,IIT Roorkee,http://www.iitr.ac.in/departments/CSE/pages/Home+Departments_and_Centres+Mathematics+People+Faculty+Balasubramanian_R_.html,QU2O6JMAAAAJ
Raman Ramsin,Sharif University of Technology,http://sharif.edu/~ramsin,12Az6pUAAAAJ
Ramana Vinjamuri,Univ. of Maryland - Baltimore County,https://www.csee.umbc.edu/ramana-vinjamuri/,Ok92zD4AAAAJ
Ramani Duraiswami,University of Maryland - College Park,http://www.umiacs.umd.edu/~ramani,GNEcpkAAAAAJ
Ramanujan Sridharan,University of Warwick,https://warwick.ac.uk/fac/sci/dcs/people/ramanujan_sridharan,XMuyXpEAAAAJ
Ramaswamy Chandrasekaran,University of Texas at Dallas,https://www.utdallas.edu/~chandra,NOSCHOLARPAGE
Ramaswamy Govindarajan,IISc Bangalore,http://www.csa.iisc.ac.in/~govind,wWrR-qgAAAAJ
Ramaswamy Palaniappan,University of Kent,https://www.cs.kent.ac.uk/people/staff/pr254,rSkK_B4AAAAJ
Ramaswamy Ramanujam,IMSc,http://www.imsc.res.in/~jam,NOSCHOLARPAGE
Ramazan Aygun,University of Alabama - Huntsville,http://ua-huntsville.academia.edu/RamazanAygun,ptQHOV0AAAAJ
Ramazan Gokberk Cinbis,Middle East Technical University,http://user.ceng.metu.edu.tr/~gcinbis,Za7uka8AAAAJ
Ramazan Gökberk Cinbis,Middle East Technical University,http://user.ceng.metu.edu.tr/~gcinbis,Za7uka8AAAAJ
Rambabu Kalla,IIIT Hyderabad,https://www.iiit.ac.in/people/faculty/rambabukalla,NOSCHOLARPAGE
Ramchandra Phawade,IIT Dharwad,https://iitdh.ac.in/prb/,Am3Edr4AAAAJ
Ramesh C. Jain,Univ. of California - Irvine,https://ngs.ics.uci.edu,wOYUPpwAAAAJ
Ramesh Govindan,University of Southern California,https://govindan.usc.edu/,ZTkRs84AAAAJ
Ramesh Jain,Univ. of California - Irvine,https://ngs.ics.uci.edu,wOYUPpwAAAAJ
Ramesh K. Karne,Towson University,http://orion.towson.edu/~karne,NOSCHOLARPAGE
Ramesh K. Rayudu,Victoria University of Wellington,http://ecs.victoria.ac.nz/Main/RameshRayudu,Mewq7J0AAAAJ
Ramesh K. Sitaraman,University of Massachusetts Amherst,https://www.cics.umass.edu/~ramesh,NOSCHOLARPAGE
Ramesh Karri,New York University,http://engineering.nyu.edu/people/ramesh-karri,o60TaTEAAAAJ
Ramesh Kolluru,University of Louisiana - Lafayette,https://louisiana.edu/about-us/offices,NOSCHOLARPAGE
Ramesh Krishnamurti,Simon Fraser University,https://www.sfu.ca/computing/people/faculty/RameshKrishnamurti.html,TqKkwlAAAAAJ
Ramesh Kumar Rayudu,Victoria University of Wellington,http://ecs.victoria.ac.nz/Main/RameshRayudu,NOSCHOLARPAGE
Ramesh Kumar Thakur,KIIT Bhubaneswar,https://cse.kiit.ac.in/profiles/ramesh-kumar-thakur/,W7uKdfQAAAAJ
Ramesh Loganathan,IIIT Hyderabad,https://www.iiit.ac.in/people/faculty/ramesh.loganathan,NOSCHOLARPAGE
Ramesh Raskar,Massachusetts Institute of Technology,https://www.media.mit.edu/people/raskar/overview,8hpOmVgAAAAJ
Ramesh Rayudu,Victoria University of Wellington,http://ecs.victoria.ac.nz/Main/RameshRayudu,Mewq7J0AAAAJ
Ramgopal Mettu,Tulane University,http://www2.tulane.edu/sse/cs/faculty/ramgopal-mettu.cfm,gHZTKpkAAAAJ
Ramgopal R. Mettu,Tulane University,http://www2.tulane.edu/sse/cs/faculty/ramgopal-mettu.cfm,gHZTKpkAAAAJ
Rami Bahsoon,University of Birmingham,https://www.birmingham.ac.uk/staff/profiles/computer-science/academic-staff/bahsoon-rami.aspx,YUgbZRgAAAAJ
Rami G. Melhem,University of Pittsburgh,https://people.cs.pitt.edu/~melhem,017pCpkAAAAJ
Rami Puzis,Ben-Gurion University of the Negev,https://faramirp.wixsite.com/puzis,SfJ_pOYAAAAJ
Ramin Yahyapour,University of Göttingen,https://www.gwdg.de/about-us/organization/management/ramin-yahyapour,BUIdFgEAAAAJ
Ramin Zabih [Tech],Cornell University,http://www.cs.cornell.edu/rdz,8Lp0W54AAAAJ
Ramiro Liscano,Ontario Tech University,https://engineering.ontariotechu.ca/people/ecse/ramiro.liscano.php,NOSCHOLARPAGE
Ramki Thurimella,University of Denver,https://ritchieschool.du.edu/ramakrishna-thurimella,tamVEbAAAAAJ
Ramnatthan Alagappan,Univ. of Illinois at Urbana-Champaign,https://ramalagappan.github.io/,K_pmyVcAAAAJ
Ramon Antonio Rodriges Zalipynis,HSE University,https://www.hse.ru/en/staff/rodriges,OcK7fUUAAAAJ
Ramon Canal,Polytechnic University of Catalonia,http://people.ac.upc.edu/rcanal,L_vwQQ4AAAAJ
Ramon Fraga Pereira,University of Manchester,https://www.ramonfpereira.com,9HRSVRgAAAAJ
Ramon Morros,Polytechnic University of Catalonia,https://imatge.upc.edu/web/people/josep-ramon-morros,Eh5V620AAAAJ
Ramprasad Joshi,BITS Pilani-Goa,https://universe.bits-pilani.ac.in/goa/rsj/profile,2Sv-n_sAAAAJ
Ramprasad S. Joshi,BITS Pilani-Goa,https://universe.bits-pilani.ac.in/goa/rsj/profile,2Sv-n_sAAAAJ
Ramprasad Saptharishi,Tata Inst. of Fundamental Research,http://www.tcs.tifr.res.in/~ramprasad,NOSCHOLARPAGE
Ramtin Zand,University of South Carolina,https://sc.edu/study/colleges_schools/engineering_and_computing/faculty-staff/zand.php,JyzaowcAAAAJ
Ramviyas Parasuraman,University of Georgia,https://cobweb.cs.uga.edu/~ramviyas,gmhcslQAAAAJ
Ramya Korlakai Vinayak,University of Wisconsin - Madison,https://ramyakv.github.io,-dDKMgoAAAAJ
Ramyaa,New Mexico Tech,https://www.cs.nmt.edu/~ramyaa,NOSCHOLARPAGE
Ramyaa Ramyaa,New Mexico Tech,https://www.cs.nmt.edu/~ramyaa,NOSCHOLARPAGE
Ramzi A. Haraty,Lebanese American University,http://sas.lau.edu.lb/csm/people/rharaty.php,yHGvAkYAAAAJ
Ramzi Ahmed Haraty,Lebanese American University,http://sas.lau.edu.lb/csm/people/rharaty.php,yHGvAkYAAAAJ
Ran Ben Basat,University College London,https://www.bbasat.com,6G61qDwAAAAJ
Ran Ben-Basat,University College London,https://www.bbasat.com,6G61qDwAAAAJ
Ran Canetti,Boston University,http://www.cs.bu.edu/fac/canetti,NOSCHOLARPAGE
Ran Cheng,SUSTech,https://scholar.google.com/citations?hl=en&user=bjeIdlcAAAAJ,bjeIdlcAAAAJ
Ran Duan,Tsinghua University,http://iiis.tsinghua.edu.cn/zh/duanr,NOSCHOLARPAGE
Ran Dubin,Ariel University,https://www.ariel.ac.il/wp/ran-dubin/,kHW5Is4AAAAJ
Ran El-Yaniv,Technion,http://www.cs.technion.ac.il/~rani,D9eVSd8AAAAJ
Ran Gilad-Bachrach,Tel Aviv University,https://english.tau.ac.il/profile/rgb,nnLiId8AAAAJ
Ran He 0001,Chinese Academy of Sciences,http://teacher.ucas.ac.cn/~heran,ayrg9AUAAAAJ
Ran Raz,Princeton University,https://www.cs.princeton.edu/people/profile/ranr,vmHFZM0AAAAJ
Ran Yi,Shanghai Jiao Tong University,https://yiranran.github.io,y68DLo4AAAAJ
Rana Hanocka,University of Chicago,http://people.cs.uchicago.edu/~ranahanocka,3Bk5C9EAAAAJ
Rana Yousef,University of Jordan,https://www.facebook.com/public/Rana-Yousef/school/University-of-Jordan-103146266391742,N0DGOlYAAAAJ
Ranald Alexander Clouston,Australian National University,https://cs.anu.edu.au/people/ranald-clouston,_7YKlyMAAAAJ
Ranald Clouston,Australian National University,https://cs.anu.edu.au/people/ranald-clouston,_7YKlyMAAAAJ
Randal C. Burns,Johns Hopkins University,http://www.cs.jhu.edu/~randal,rTJTJJ4AAAAJ
Randal C. Nelson,University of Rochester,https://www.cs.rochester.edu/~nelson,NOSCHOLARPAGE
Randal E. Bryant,Carnegie Mellon University,http://www.cs.cmu.edu/~bryant,AFgYa68AAAAJ
Randall Balestriero,Brown University,https://randallbalestriero.github.io/,S1x_xqcAAAAJ
Randall Bramley,Indiana University,https://www.soic.indiana.edu/all-people/profile.html?profile_id=169,NOSCHOLARPAGE
Randall D. Beer,Indiana University,http://mypage.iu.edu/~rdbeer,F_J8QyAAAAAJ
Randall Davis,Massachusetts Institute of Technology,https://www.csail.mit.edu/user/805,NOSCHOLARPAGE
Randy Avent,North Carolina State University,https://www.csc.ncsu.edu/people/rkavent,NOSCHOLARPAGE
Randy E. Ellis,Queen’s University,http://www.cs.queensu.ca/~ellis,u97Fg9IAAAAJ
Randy Goebel,University of Alberta,https://webdocs.cs.ualberta.ca/~goebel,fTgRyn4AAAAJ
Randy H. Katz,Univ. of California - Berkeley,http://bnrg.eecs.berkeley.edu/~randy,PkfChMgAAAAJ
Randy Howard Katz,Univ. of California - Berkeley,http://bnrg.eecs.berkeley.edu/~randy,PkfChMgAAAAJ
Randy K. Smith,The University of Alabama,http://cs.ua.edu/people/rsmith,NOSCHOLARPAGE
Ranendu Ghosh,DAIICT,http://www.daiict.ac.in/daiict/people/faculty.html,BDnMnJkAAAAJ
Ranga Rao Venkatesha Prasad,TU Delft,http://homepage.tudelft.nl/w5p50,9RVkIfsAAAAJ
Rangachar Kasturi,University of South Florida,http://www.cse.usf.edu/~r1k,EFB9ZuwAAAAJ
Rangarao Venkatesha Prasad,TU Delft,http://homepage.tudelft.nl/w5p50,9RVkIfsAAAAJ
Ranita Biswas,IIT Roorkee,http://faculty.iitr.ac.in/~ranitafcs,x2obmAYAAAAJ
Ranjay A. Krishna,University of Washington,http://www.ranjaykrishna.com/index.html,IcqahyAAAAAJ
Ranjay Krishna,University of Washington,http://www.ranjaykrishna.com/index.html,IcqahyAAAAAJ
Ranjit Jhala,Univ. of California - San Diego,https://ranjitjhala.github.io,H3wb878AAAAJ
Ranjitha Kumar,Univ. of Illinois at Urbana-Champaign,https://cs.illinois.edu/directory/profile/ranjitha,5fiQ8-YAAAAJ
Ranko Lazic,University of Warwick,https://warwick.ac.uk/fac/sci/dcs/people/ranko_lazic/biography,yGOk7boAAAAJ
Ranko Lazic 0001,University of Warwick,https://warwick.ac.uk/fac/sci/dcs/people/ranko_lazic/biography,yGOk7boAAAAJ
Ranko S. Lazic,University of Warwick,https://warwick.ac.uk/fac/sci/dcs/people/ranko_lazic/biography,yGOk7boAAAAJ
Rann Smorodinsky,Technion,https://web.iem.technion.ac.il/en/people/rann.html,ZAwAVJkAAAAJ
Ransalu Senanayake,Arizona State University,https://search.asu.edu/profile/4843390,mmo0bDIAAAAJ
Rao Kotagiri,University of Melbourne,http://findanexpert.unimelb.edu.au/display/person16028,UrYhkwQAAAAJ
Rao Muhammad Anwer,MBZUAI,https://mbzuai.ac.ae/study/faculty/rao-muhammad-anwer,_KlvMVoAAAAJ
Rao Sreenivasa Krothapalli,IIT Kharagpur,https://cse.iitkgp.ac.in/~ksrao,TATEL2EAAAAJ
Raouf Boutaba,University of Waterloo,http://rboutaba.cs.uwaterloo.ca,L1RHDCcAAAAJ
Raphael A. Finkel,University of Kentucky,https://www.cs.uky.edu/~raphael,VqXOKkgAAAAJ
Raphael Wimmer,University of Regensburg,https://hci.ur.de/people/raphael_wimmer,IF-2DfQAAAAJ
Raphaël Clifford,University of Bristol,http://www.cs.bris.ac.uk/~clifford,9hXaff4AAAAJ
Raphaël Troncy,EURECOM,http://www.eurecom.fr/~troncy,1BxhcigAAAAJ
Raquel Benbunan-Fich,CUNY,http://zicklin.baruch.cuny.edu/faculty/profiles/fich.html,ZjMEEo0AAAAJ
Raquel C. de Melo,UFMG,http://homepages.dcc.ufmg.br/~raquelcm,FnfdiqQAAAAJ
Raquel Cardoso de Melo Minardi,UFMG,http://homepages.dcc.ufmg.br/~raquelcm,FnfdiqQAAAAJ
Raquel Fernández,University of Amsterdam,https://staff.science.uva.nl/r.fernandezrovira,XbosWYQAAAAJ
Raquel Hill,Indiana University,http://www.cs.indiana.edu/~ralhill,kBNKU1YAAAAJ
Raquel O. Prates,UFMG,http://homepages.dcc.ufmg.br/~rprates,6aL3UScAAAAJ
Raquel Oliveira Prates,UFMG,http://homepages.dcc.ufmg.br/~rprates,6aL3UScAAAAJ
Rares Bodnar,University of Southampton,https://www.ecs.soton.ac.uk/people/rab1e14,NOSCHOLARPAGE
Rasha Mohammad Obeidat,JUST,http://www.just.edu.jo/eportfolio/Pages/Default.aspx?email=rmobeidat,jgxnYvgAAAAJ
Rasha Obeidat,JUST,http://www.just.edu.jo/eportfolio/Pages/Default.aspx?email=rmobeidat,jgxnYvgAAAAJ
Rashid Rashid,Massey University,http://www.massey.ac.nz/massey/expertise/profile.cfm?stref=721530,NOSCHOLARPAGE
Rashmi Dutta Baruah,IIT Guwahati,https://www.iitg.ernet.in/r.duttabaruah,pSiO0xoAAAAJ
Rashmi Jha,University of Cincinnati,https://researchdirectory.uc.edu/p/jhari,NOSCHOLARPAGE
Rashmi Ranjan Rout,National Institute of Technology Warangal,https://wsdc.nitw.ac.in/facultynew/facultyprofile/id/16336,SQTBOa8AAAAJ
Rashmi Vinayak,Carnegie Mellon University,http://www.cs.cmu.edu/~rvinayak,gUO59T8AAAAJ
Rasiah Loganantharaj,University of Louisiana - Lafayette,http://louisiana.academia.edu/RasiahLoganantharaj,avhN-IMAAAAJ
Rasit Eskicioglu,University of Manitoba,http://www.cs.umanitoba.ca/~rasit,NOSCHOLARPAGE
Rasmus Ejlers Møgelberg,IT University of Copenhagen,http://www.itu.dk/people/mogel,NOSCHOLARPAGE
Rasmus Ibsen-Jensen,University of Liverpool,https://www.liverpool.ac.uk/computer-science/staff/rasmus-ibsen-jensen,NVTh2QgAAAAJ
Rasmus Kyng,ETH Zurich,http://rasmuskyng.com,DHHVA9IAAAAJ
Rasmus Pagh,University of Copenhagen,https://di.ku.dk/english/staff/?pure=en/persons/309342,VO4oS8UAAAAJ
Rasmus R. Paulsen,DTU,https://www.compute.dtu.dk/english,NOSCHOLARPAGE
Rasmus Reinhold Paulsen,DTU,https://www.compute.dtu.dk/english,NOSCHOLARPAGE
Rasool Jalili,Sharif University of Technology,http://ce.sharif.edu/faculty/rasool-jalili,NOSCHOLARPAGE
Rassul Saeedipour,University of Kansas,https://people.eecs.ku.edu/~rassul,NOSCHOLARPAGE
Ratan Guha,University of Central Florida,http://www.cs.ucf.edu/~guha,NOSCHOLARPAGE
Ratan K. Ghosh,IIT Kanpur,http://www.iitk.ac.in/new/dr-r-k-ghosh,UNULIi0AAAAJ
Ratan K. Guha,University of Central Florida,http://www.cs.ucf.edu/~guha,NOSCHOLARPAGE
Ratikanta Behera,IISc Bangalore,https://cds.iisc.ac.in/faculty/ratikanta/,8jKAiq8AAAAJ
Rattikorn Hewett,Texas Tech University,http://www.depts.ttu.edu/cs/faculty/faculty.php?name=Rattikorn%20Hewett,NOSCHOLARPAGE
Ratul Mahajan,University of Washington,https://ratul.org,Sh1yq5QAAAAJ
Raul Castro Fernandez,University of Chicago,http://raulcastrofernandez.com,bBHxY_MAAAAJ
Raul Fervari,Universidad Nacional de Córdoba,http://cs.famaf.unc.edu.ar/~rfervari,3dg1ASwAAAAJ
Raul Vicente,University of Tartu,https://nail.cs.ut.ee/index.php/team/raul-vicente/,oQc8avwAAAAJ
Ravi Chugh,University of Chicago,http://people.cs.uchicago.edu/~rchugh,DKuq2fIAAAAJ
Ravi Janardan,University of Minnesota,http://umn.edu/home/janardan,NOSCHOLARPAGE
Ravi K. Iyer,Univ. of Illinois at Urbana-Champaign,https://www.ece.illinois.edu/directory/profile/rkiyer,NOSCHOLARPAGE
Ravi Karkar,University of Massachusetts Amherst,https://homes.cs.washington.edu/~rkarkar,n_vk_EAAAAAJ
Ravi Kiran Sarvadevabhatla,IIIT Hyderabad,https://www.iiit.ac.in/people/faculty/ravi.kiran/,oLJTcXIAAAAJ
Ravi Mangal,Colorado State University,https://www.cs.colostate.edu/ravimangal/,5OFQ4A8AAAAJ
Ravi Mukkamala,Old Dominion University,http://www.cs.odu.edu/~mukka,xXQljv0AAAAJ
Ravi Netravali,Princeton University,https://www.cs.princeton.edu/~ravian,4C9naMgAAAAJ
Ravi Prakash 0001,University of Texas at Dallas,http://www.utdallas.edu/~ravip,MJyWxOYAAAAJ
Ravi Ramamoorthi,Univ. of California - San Diego,https://cseweb.ucsd.edu/~ravir,q0MzO6cAAAAJ
Ravi S. Sandhu,University of Texas at San Antonio,http://www.profsandhu.com,wic7YpkAAAAJ
Ravi Sandhu,University of Texas at San Antonio,http://www.profsandhu.com,wic7YpkAAAAJ
Ravi Sethi,University of Arizona,https://www.cs.arizona.edu/~rsethi,ID4wZFwAAAAJ
Ravi Shankar,Florida Atlantic University,http://www.eng.fau.edu/directory/faculty/shankar,4nMakAEAAAAJ
Ravi Sundaram,Northeastern University,http://www.ccs.neu.edu/home/koods,WEQF9DgAAAAJ
Ravichandra Sadam,National Institute of Technology Warangal,https://wsdc.nitw.ac.in/facultynew/facultyprofile/id/16342,JFldEvMAAAAJ
Ravin Balakrishnan,University of Toronto,http://www.dgp.toronto.edu/~ravin,WtijM48AAAAJ
Ravinder M.,IGDTUW,https://www.igdtuw.ac.in/computerScience.php?name=ravinderm,H8QKaLoAAAAJ
Ravinderpal Singh Sandhu,University of Texas at San Antonio,http://www.profsandhu.com,wic7YpkAAAAJ
Ravindra B. Keskar,VNIT Nagpur,https://vnit.ac.in/engineering/cse/dr-r-b-keskar/,B1Eq0bYAAAAJ
Ravishankar K. Iyer,Univ. of Illinois at Urbana-Champaign,https://www.ece.illinois.edu/directory/profile/rkiyer,NOSCHOLARPAGE
Ravishankar Krishnan Iyer,Univ. of Illinois at Urbana-Champaign,https://www.ece.illinois.edu/directory/profile/rkiyer,NOSCHOLARPAGE
Raviv Raich,Oregon State University,http://web.engr.oregonstate.edu/~raich,NOSCHOLARPAGE
Rawan Alghofaili,University of Texas at Dallas,https://rawanmg.com/,5iCpo_8AAAAJ
Ray-I Chang,National Taiwan University,http://homepage.ntu.edu.tw/~rayichang,YiqWyHkAAAAJ
Rayford B. Vaughn,University of Alabama - Huntsville,https://www.uah.edu/images/research/ovpr/cvs/vaughn.pdf,UK-AZvMAAAAJ
Rayford B. Vaughn Jr.,University of Alabama - Huntsville,https://www.uah.edu/images/research/ovpr/cvs/vaughn.pdf,UK-AZvMAAAAJ
Rayid Ghani,Carnegie Mellon University,http://www.rayidghani.com,_ufWH4IAAAAJ
Raymond A. Yeh,Purdue University,https://www.cs.purdue.edu/people/faculty/rayyeh.html,7HDE1ZwAAAAJ
Raymond Bisdorff,University of Luxembourg,http://wwwen.uni.lu/studies/doctoral_education/contact/raymond_bisdorff,Vz4YXfcAAAAJ
Raymond Chi-Wing Wong,HKUST,http://www.cse.ust.hk/~raywong,IKgiD0AAAAAJ
Raymond D. Gumb,University of Massachusetts Lowell,http://www.cs.uml.edu/~gumb,NOSCHOLARPAGE
Raymond J. Mooney,University of Texas at Austin,https://www.cs.utexas.edu/~mooney,p9RsPG4AAAAJ
Raymond K. Wong,UNSW,http://www.cse.unsw.edu.au/~wong,h1zOnWUAAAAJ
Raymond K. Wong 0001,UNSW,http://www.cse.unsw.edu.au/~wong,h1zOnWUAAAAJ
Raymond Knopp,EURECOM,http://www.eurecom.fr/en/people/knopp-raymond,jE-78dsAAAAJ
Raymond Kwok-Kay Wong,UNSW,http://www.cse.unsw.edu.au/~wong,h1zOnWUAAAAJ
Raymond Laflamme,University of Waterloo,https://laflamme.iqc.uwaterloo.ca,UBusZfYAAAAJ
Raymond S. K. Kwan,University of Leeds,https://eps.leeds.ac.uk/computing/staff/37/professor-raymond-kwan,kfllGLUAAAAJ
Raymond Spiteri,University of Saskatchewan,https://www.cs.usask.ca/faculty/spiteri,S82hWW0AAAAJ
Raymond T. Ng,University of British Columbia,https://www.cs.ubc.ca/~rng,reYJaYMAAAAJ
Raymund C. Sison,De La Salle University,https://www.dlsu.edu.ph/colleges/ccs/faculty-profile/single/?id=32742700789&command=GETPROFILE,piWqzCYAAAAJ
Raymund Sison,De La Salle University,https://www.dlsu.edu.ph/colleges/ccs/faculty-profile/single/?id=32742700789&command=GETPROFILE,piWqzCYAAAAJ
Rayna Dimitrova,CISPA Helmholtz Center,https://www.sheffield.ac.uk/dcs/people/academic/rayna-dimitrova,HgCDGyQAAAAJ
Raza Abidi,Dalhousie University,https://www.dal.ca/faculty/computerscience/faculty-staff/raza-abidi.html,fzr2PUYAAAAJ
Razieh Rahimi,University of Massachusetts Amherst,https://people.cs.umass.edu/~rahimi/,zk3TSwIAAAAJ
Razvan C. Bunescu,UNC - Charlotte,https://webpages.uncc.edu/rbunescu,fi4HWW8AAAAJ
Razvan V. Marinescu,Univ. of California - Santa Cruz,https://people.csail.mit.edu/razvan/,AzfoycUAAAAJ
Raúl García-Patrón,University of Edinburgh,http://www.inf.ed.ac.uk/people/staff/Raul_Garcia-Patron_Sanchez.html,EmnabekAAAAJ
Rebecca A. Hutchinson,Oregon State University,http://web.engr.oregonstate.edu/~rah,1pnbx9QAAAAJ
Rebecca C. Steorts,Duke University,https://resteorts.github.io/,EdgSKFEAAAAJ
Rebecca E. Grinter,Georgia Institute of Technology,http://www.cc.gatech.edu/~beki/Beki.html,PNalJ58AAAAJ
Rebecca E. Morrison,University of Colorado Boulder,https://www.colorado.edu/cs/rebecca-morrison,16zZJloAAAAJ
Rebecca Fiebrink,Goldsmiths University of London,https://www.gold.ac.uk/computing/people/fiebrink-rebecca,fEMWXvkAAAAJ
Rebecca Hwa,George Washington University,https://cs.engineering.gwu.edu/rebecca-hwa,T8-BGRsAAAAJ
Rebecca J. Passonneau,Pennsylvania State University,https://www.eecs.psu.edu/departments/directory-detail-g.aspx?q=rjp49,jb9VOp0AAAAJ
Rebecca M. Willett,University of Chicago,https://voices.uchicago.edu/willett,bGRVPl8AAAAJ
Rebecca M. Williams,Univ. of Maryland - Baltimore County,https://www.csee.umbc.edu/people/faculty/rebecca-williams/,NOSCHOLARPAGE
Rebecca Schulman,Johns Hopkins University,https://engineering.jhu.edu/faculty/rebecca-schulman/,segdJQYAAAAJ
Rebecca Willett,University of Chicago,https://voices.uchicago.edu/willett,bGRVPl8AAAAJ
Rebekka Burkholz,CISPA Helmholtz Center,https://sites.google.com/view/rebekkaburkholz/rebekka-burkholz,vkWBb2wAAAAJ
Red Whittaker,Carnegie Mellon University,http://www.ri.cmu.edu/person.html?person_id=339,ouKJUyEAAAAJ
Reda A. Ammar,University of Connecticut,http://www.engr.uconn.edu/~reda,NOSCHOLARPAGE
Reda Alhajj,University of Calgary,http://alhajj.cpsc.ucalgary.ca,NOSCHOLARPAGE
Reda Ammar,University of Connecticut,http://www.engr.uconn.edu/~reda,NOSCHOLARPAGE
Redha Gouicem,RWTH Aachen University,https://redha.gouicem.fr/,L0oei2IAAAAJ
Reem Qadan Al Fayez,University of Jordan,http://www2.warwick.ac.uk/fac/sci/dcs/people/research/csrlaq,NOSCHOLARPAGE
Reena Kasana,University of Delhi,https://cs.du.ac.in/faculty/,loVW9b0AAAAJ
Reetu Das,University of Michigan,http://web.eecs.umich.edu/~reetudas,h0gtwxIAAAAJ
Reetuparna Das,University of Michigan,http://web.eecs.umich.edu/~reetudas,h0gtwxIAAAAJ
Reeva Lederman,University of Melbourne,http://www.findanexpert.unimelb.edu.au/display/person5168,t1M-bQsAAAAJ
Reeva M. Lederman,University of Melbourne,http://www.findanexpert.unimelb.edu.au/display/person5168,t1M-bQsAAAAJ
Refik Molva,EURECOM,http://www.eurecom.fr/en/people/molva-refik,KufrHlgAAAAJ
Regan L. Mandryk,University of Victoria,https://www.uvic.ca/ecs/computerscience/people/faculty/profiles/mandryk-regan.php,3-YPyEMAAAAJ
Regina Barzilay,Massachusetts Institute of Technology,http://people.csail.mit.edu/regina,NOSCHOLARPAGE
Regina Berretta,University of Newcastle,https://www.newcastle.edu.au/profile/regina-berretta,Nzd11McAAAAJ
Regina Hebig,Chalmers/GU,https://www.chalmers.se/en/staff/Pages/hebig.aspx,NOSCHOLARPAGE
Regina N. Hebig,Chalmers/GU,https://www.chalmers.se/en/staff/Pages/hebig.aspx,NOSCHOLARPAGE
Reginald L. Lagendijk,TU Delft,https://www.tudelft.nl/ewi/over-de-faculteit/afdelingen/intelligent-systems/people/profdrir-rl-inald-lagendijk,nFYok08AAAAJ
Regis Kopper,Iowa State University,https://www.cs.iastate.edu/people/regis-kopper,eGJHBDoAAAAJ
Rehab Duwairi,JUST,http://www.just.edu.jo/eportfolio/Pages/Default.aspx?email=rehab,J6lMBuEAAAAJ
Rehab M. Duwairi,JUST,http://www.just.edu.jo/eportfolio/Pages/Default.aspx?email=rehab,J6lMBuEAAAAJ
Reheem Beyah,Georgia Institute of Technology,https://rbeyah.ece.gatech.edu,KhnJQ20AAAAJ
Reid Holmes,University of British Columbia,https://www.cs.ubc.ca/~rtholmes,i2jSMA8AAAAJ
Reihaneh Rabbany,McGill University,http://www.reirab.com,Foh_c-QAAAAJ
Reihaneh Rabbany Khorasgani,McGill University,http://www.reirab.com,Foh_c-QAAAAJ
Reihaneh Safavi-Naini,University of Calgary,http://pages.cpsc.ucalgary.ca/~rei,SjZEzOYAAAAJ
Reiji Suda,University of Tokyo,http://olab.is.s.u-tokyo.ac.jp/~reiji,NOSCHOLARPAGE
Reimo Palm,University of Tartu,http://www.ut.ee/en/reimo-palm,NOSCHOLARPAGE
Reinder J. Bril,TU Eindhoven,http://www.win.tue.nl/~rbril,kOwzhloAAAAJ
Reiner Hähnle,TU Darmstadt,https://www.informatik.tu-darmstadt.de/se/gruppenmitglieder/groupmembers_detailseite_30784.en.jsp,UXmx_RUAAAAJ
Reiner Kolla,University of Würzburg,https://www.informatik.uni-wuerzburg.de/lehrstuehleprofessuren/info5/mitarbeiter/kolla-reiner,NOSCHOLARPAGE
Reinhard German,University of Erlangen–Nuremberg,https://www.cs7.tf.fau.de/person/german,NOSCHOLARPAGE
Reinhard Gotzhein,TU Kaiserslautern,https://vs.informatik.uni-kl.de/people/gotzhein,NOSCHOLARPAGE
Reinhard Heckel,TU Munich,http://reinhardheckel.com,ZWV0I7cAAAAJ
Reinhard Kahle,University of Tübingen,https://uni-tuebingen.de/en/faculties/faculty-of-science/departments/interfaculty-facilities/philosophy-and-history-of-science/#c840039,NOSCHOLARPAGE
Reinhard Klein,University of Bonn,https://cg.cs.uni-bonn.de/de/mitarbeiter/prof-dr-reinhard-klein,NOSCHOLARPAGE
Reinhard Koch,University of Kiel,https://www.mip.informatik.uni-kiel.de/en/team/prof.-dr.-ing.-reinhard-koch,xgjKDqAAAAAJ
Reinhard Pichler,TU Wien,https://www.dbai.tuwien.ac.at/staff/pichler,OiYGd-IAAAAJ
Reinhard Wilhelm,Saarland University,http://rw4.cs.uni-saarland.de/people/wilhelm.shtml,cmvUbRUAAAAJ
Reinhard von Hanxleden,University of Kiel,https://www.rtsys.informatik.uni-kiel.de/en/team/rvh,OKUzh7QAAAAJ
Reinhold Haux,TU Braunschweig,https://plri.de/mitarbeiter/reinhold-haux,6_4K9QsAAAAJ
Reinhold Plösch,JKU Linz,http://www.se.jku.at/ploesch,29YTNJgAAAAJ
Reinhold Scherer,University of Essex,https://www.essex.ac.uk/people/scher51108/reinhold-scherer,E_wVwfUAAAAJ
Reis Burak Arslan,Galatasaray University,https://avesis.gsu.edu.tr/buarslan,mseeu7YAAAAJ
Rem W. Collier,University College Dublin,https://people.ucd.ie/rem.collier,P6Qta-8AAAAJ
Remco C. Veltkamp,Utrecht University,https://www.uu.nl/staff/RCVeltkamp,xGkWUqMAAAAJ
Remco Chang,Tufts University,http://www.cs.tufts.edu/~remco,Q29WmWwAAAAJ
Remi A. Chou,University of Texas at Arlington,https://remichou.github.io/,1yJ_XP8AAAAJ
Remo Pareschi,University of Molise,http://docenti.unimol.it/index.php?u=remo.pareschi&id=8,4LGMlCEAAAAJ
Remo Rohs,University of Southern California,https://rohslab.usc.edu,lNFZCgwAAAAJ
Remzi H. Arpaci,University of Wisconsin - Madison,http://pages.cs.wisc.edu/~remzi,C1skWKgAAAAJ
Remzi H. Arpaci-Dusseau,University of Wisconsin - Madison,http://pages.cs.wisc.edu/~remzi,C1skWKgAAAAJ
Ren Ng,Univ. of California - Berkeley,http://www.eecs.berkeley.edu/Faculty/Homepages/yirenng.html,6H0mhLUAAAAJ
Ren-Song Tsay,National Tsing Hua University,http://logos.cs.nthu.edu.tw/index.php/our-boss,NOSCHOLARPAGE
Renan G. Cattelan,UFU,http://www.facom.ufu.br/~renan,c4ncSUUAAAAJ
Renan Maffei,UFRGS,https://www.inf.ufrgs.br/site/docente/renan-de-queiroz-maffei,NOSCHOLARPAGE
Renan de Queiroz Maffei,UFRGS,https://www.inf.ufrgs.br/site/docente/renan-de-queiroz-maffei,NOSCHOLARPAGE
Renata Dividino,Brock University,https://sites.google.com/view/renatadividino/,78Z5hMkAAAAJ
Renata G. Raidou,TU Wien,https://www.cg.tuwien.ac.at/staff/RenataRaidou,u-oaGJEAAAAJ
Renata Galante,UFRGS,http://www.inf.ufrgs.br/~galante,QoMBjT4AAAAJ
Renata Georgia Raidou,TU Wien,https://www.cg.tuwien.ac.at/staff/RenataRaidou,u-oaGJEAAAAJ
Renata M. C. R. Souza,UFPE,https://lattes.cnpq.br/9289080285504453,hy2Mw-0AAAAJ
Renata M. C. R. de Souza,UFPE,https://lattes.cnpq.br/9289080285504453,hy2Mw-0AAAAJ
Renata Maria Cardoso R. de Souza,UFPE,https://lattes.cnpq.br/9289080285504453,hy2Mw-0AAAAJ
Renata Maria Cardoso Rodrigues De Souza,UFPE,https://lattes.cnpq.br/9289080285504453,hy2Mw-0AAAAJ
Renata Medeiros de Carvalho,TU Eindhoven,https://studiegids.tue.nl/opleidingen/graduate-school/special-masters-tracks/eit-digital-embedded-systems/coaching-and-professional-skills/mentoring,MXsM-RkAAAAJ
Renata P. M. Fortes,USP-ICMC,http://conteudo.icmc.usp.br/pessoas/renata,5_c3LVUAAAAJ
Renata Pontin de Mattos Fortes,USP-ICMC,http://conteudo.icmc.usp.br/pessoas/renata,5_c3LVUAAAAJ
Renata Queiroz Dividino,Brock University,https://sites.google.com/view/renatadividino/,78Z5hMkAAAAJ
Renata Souza 0002,UFPE,https://lattes.cnpq.br/9289080285504453,hy2Mw-0AAAAJ
Renata Vieira,PUC-RS,http://www.inf.pucrs.br/~rvieira,5Lw-0-UAAAAJ
Renata Wassermann,USP,http://www.ime.usp.br/~renata,_CyspwkAAAAJ
Renata de Matos Galante,UFRGS,http://www.inf.ufrgs.br/~galante,QoMBjT4AAAAJ
Renate A. Schmidt,University of Manchester,http://www.cs.man.ac.uk/~schmidt,1bu5pB0AAAAJ
Renate Motschnig,University of Vienna,https://cs.univie.ac.at/renate.motschnig,NOSCHOLARPAGE
Renate Motschnig-Pitrik,University of Vienna,https://cs.univie.ac.at/renate.motschnig,NOSCHOLARPAGE
Renate Scheidler,University of Calgary,http://people.ucalgary.ca/~rscheidl,EkWmcu4AAAAJ
Renato A. C. Ferreira,UFMG,http://homepages.dcc.ufmg.br/~renato,Y7Ce3MUAAAAJ
Renato Antônio Celso Ferreira,UFMG,http://homepages.dcc.ufmg.br/~renato,Y7Ce3MUAAAAJ
Renato Assunção,UFMG,http://homepages.dcc.ufmg.br/~assuncao,rjVMpKoAAAAJ
Renato B. Pajarola,University of Zurich,http://www.ifi.uzh.ch/vmml/people/current-staff/pajarola.html,O-Zn7k4AAAAJ
Renato C. Ferreira,UFMG,http://homepages.dcc.ufmg.br/~renato,Y7Ce3MUAAAAJ
Renato Cordeiro de Amorim,University of Essex,https://www.essex.ac.uk/people/corde69103/renato-amorim,Bft9pPYAAAAJ
Renato Ferreira 0001,UFMG,http://homepages.dcc.ufmg.br/~renato,Y7Ce3MUAAAAJ
Renato J. O. Figueiredo,Oregon State University,https://engineering.oregonstate.edu/people/renato-figueiredo,DrH0wK8AAAAJ
Renato José Da Silva Carmo,UFPR,https://www.inf.ufpr.br/renato,OpWpdtIAAAAJ
Renato M. Assunção,UFMG,http://homepages.dcc.ufmg.br/~assuncao,rjVMpKoAAAAJ
Renato Mancuso 0001,Boston University,http://cs-people.bu.edu/rmancuso,gDkEWtYAAAAJ
Renato Mariz de Moraes,UFPE,https://www.cin.ufpe.br/~renatomdm,TqJ7cT4AAAAJ
Renato Martins Assunção,UFMG,http://homepages.dcc.ufmg.br/~assuncao,rjVMpKoAAAAJ
Renato P. Ribas,UFRGS,http://inf.ufrgs.br/~rpribas,NOSCHOLARPAGE
Renato Pajarola,University of Zurich,http://www.ifi.uzh.ch/vmml/people/current-staff/pajarola.html,O-Zn7k4AAAAJ
Renato Perez Ribas,UFRGS,http://inf.ufrgs.br/~rpribas,NOSCHOLARPAGE
Renchao Xie,BUPT,https://sites.google.com/site/renchaoxie,sT5_96EAAAAJ
Renchi Yang,Hong Kong Baptist University,https://renchi.ac.cn,eI1rzdIAAAAJ
Rene Mayrhofer,JKU Linz,https://www.jku.at/institut-fuer-netzwerke-und-sicherheit/ueber-uns/ins-team/mayrhofer,Mt_op3IAAAAJ
Rene Thiemann,University of Innsbruck,http://cl-informatik.uibk.ac.at/users/thiemann,NOSHOLARPAGE
Renee C. Bryce,University of North Texas,http://www.cse.unt.edu/~reneebryce/Renee_Bryce/Home.html,b2ews4oAAAAJ
Renee Elio,University of Alberta,https://webdocs.cs.ualberta.ca/~ree,NOSCHOLARPAGE
Renfa Li,Hunan University,http://csee.hnu.edu.cn/people/lirenfa,NOSCHOLARPAGE
Renjie Wan,Hong Kong Baptist University,https://wanrenjie.github.io,S8_ES4MAAAAJ
Renjie Zhao,Johns Hopkins University,https://renjiezhao.github.io,2IrtUS4AAAAJ
Rens Bod,University of Amsterdam,https://www.uva.nl/profiel/b/o/l.w.m.bod/l.w.m.bod.html,LRKlkaAAAAAJ
Renu M. Rameshan,IIT Mandi,http://faculty.iitmandi.ac.in/research/publications/Author/renumr.php,NOSCHOLARPAGE
Renu Rameshan,IIT Mandi,http://faculty.iitmandi.ac.in/research/publications/Author/renumr.php,NOSCHOLARPAGE
Renwei Dian,Hunan University,https://sites.google.com/view/publication-code-renweidian/homepage,EoTrH5UAAAAJ
Renzhe Xu,SUFE,https://windxrz.github.io/,NnppITIAAAAJ
René Just,University of Washington,https://homes.cs.washington.edu/~rjust,Y_KtQ8kAAAAJ
René Mayrhofer,JKU Linz,https://www.jku.at/institut-fuer-netzwerke-und-sicherheit/ueber-uns/ins-team/mayrhofer,Mt_op3IAAAAJ
René Rydhof Hansen,Aalborg University,http://people.cs.aau.dk/~rrh,MGLEvwkAAAAJ
René Serral-Gracià,Polytechnic University of Catalonia,http://www.netit.upc.edu/rserral,OQVlz4sAAAAJ
René Vidal,University of Pennsylvania,https://www.grasp.upenn.edu/people/rene-vidal,uT8fgagAAAAJ
René Witte,Concordia University,https://www.concordia.ca/encs/computer-science-software-engineering/faculty.html.html?fpid=rene-witte,rynGoGYAAAAJ
Renée Elio,University of Alberta,https://webdocs.cs.ualberta.ca/~ree,NOSCHOLARPAGE
Renée J. Miller,University of Waterloo,https://cs.uwaterloo.ca/contacts/renee-j-miller,NjeM1LsAAAAJ
Rephael Wenger,Ohio State University,http://web.cse.ohio-state.edu/~wenger,NOSCHOLARPAGE
Reshef Meir,Technion,http://reshef.net.technion.ac.il,NOSCHOLARPAGE
Reshma Khemchandani,South Asian University,http://sau.int/faculty/faculty-profile.html?staff_id=73,NqIkygEAAAAJ
Reshma Rastogi,South Asian University,http://sau.int/faculty/faculty-profile.html?staff_id=73,NqIkygEAAAAJ
Reto Achermann,University of British Columbia,https://retoachermann.ch/,6f_fJgYAAAAJ
Reuben Binns,University of Oxford,https://www.cs.ox.ac.uk/people/reuben.binns,CE3vQzMAAAAJ
Reuben Kirkham,Monash University,https://research.monash.edu/en/persons/reuben-kirkham,G1qzdOQAAAAJ
Reuben N. S. Rowe,Royal Holloway University of London,https://pure.royalholloway.ac.uk/portal/en/persons/reuben-rowe(70354339-7bc5-475d-b8d5-7fa95114d851).html,7jBLbSsAAAAJ
Reuben Rowe,Royal Holloway University of London,https://pure.royalholloway.ac.uk/portal/en/persons/reuben-rowe(70354339-7bc5-475d-b8d5-7fa95114d851).html,7jBLbSsAAAAJ
Reut Tsarfaty,Bar-Ilan University,https://nlp.biu.ac.il/~rtsarfaty,0Eome9MAAAAJ
Reuth Mirsky,Bar-Ilan University,https://sites.google.com/site/dekelreuth/,5SBQMQ0AAAAJ
Reuven Bar-Yehuda,Technion,http://www.cs.technion.ac.il/~reuven,NOSCHOLARPAGE
Reuven Cohen,Technion,http://rcohen.cs.technion.ac.il,lYCzcUIAAAAJ
Reyer Zwiggelaar,Aberystwyth University,https://www.aber.ac.uk/en/cs/staff-profiles/listing/profile/rrz,NZldyesAAAAJ
Reyhan Aydogan,Özyeğin University,https://faculty.ozyegin.edu.tr/reyhanaydogan,sHL3j0kAAAAJ
Reyhaneh Jabbarvand,Univ. of Illinois at Urbana-Champaign,http://reyhaneh.cs.illinois.edu,9gmW8MYAAAAJ
Reyhaneh Jabbarvand Behrouz,Univ. of Illinois at Urbana-Champaign,http://reyhaneh.cs.illinois.edu,9gmW8MYAAAAJ
Reynold Bailey,Rochester Institute of Technology,https://www.cs.rit.edu/~rjb,H_BCGA0AAAAJ
Reynold C. K. Cheng,University of Hong Kong,https://i.cs.hku.hk/~ckcheng,7R7MSb4AAAAJ
Reynold Cheng,University of Hong Kong,https://i.cs.hku.hk/~ckcheng,7R7MSb4AAAAJ
Reynold J. Bailey,Rochester Institute of Technology,https://www.cs.rit.edu/~rjb,H_BCGA0AAAAJ
Reza Ahmadi,University of Kansas,http://www.eecs.ku.edu/people/faculty,NmDhU5wAAAAJ
Reza Azarderakhsh,Florida Atlantic University,http://www.eng.fau.edu/directory/faculty/azarderakhsh/index.php,zsnXFgwAAAAJ
Reza Berangi,IUST,http://www.iust.ac.ir/content/1074/Berangi-Reza.-PH.D,A030YlYAAAAJ
Reza Curtmola,NJIT,https://web.njit.edu/~crix,mS1VzxkAAAAJ
Reza Derakhshani,University of Missouri - Kansas City,https://info.umkc.edu/scenews/tag/reza-derakhshani,NOSCHOLARPAGE
Reza Entezari-Maleki,IUST,http://ce.iust.ac.ir/page.php?slct_pg_id=18357&sid=14&slc_lang=en,nOx3MnAAAAAJ
Reza Haffari,Monash University,http://users.monash.edu.au/~gholamrh,Perjx5EAAAAJ
Reza Malekian,Malmö University,https://mau.se/en/persons/reza.malekian/,2LC8SugAAAAJ
Reza Rahaeimehr,Augusta University,https://www.augusta.edu/faculty/directory/view.php?id=RRAHAEIMEHR,SSMiDecAAAAJ
Reza Rejaie,University of Oregon,http://ix.cs.uoregon.edu/~reza,dgRIYXIAAAAJ
Reza Samavi,McMaster University,http://www.cas.mcmaster.ca/samavi,wbObcaQAAAAJ
Reza Shokri,National University of Singapore,https://www.comp.nus.edu.sg/~reza,udlZXXcAAAAJ
Reza Tourani,Saint Louis University,https://cs.slu.edu/people/tourani,Z1KsnyIAAAAJ
Reza Zafarani,Syracuse University,http://ecs.syr.edu/faculty/reza,NOSCHOLARPAGE
Rezaul Alam Chowdhury,Stony Brook University,http://www3.cs.stonybrook.edu/~rezaul,5nmElSoAAAAJ
Rezaul Chowdhury,Stony Brook University,http://www3.cs.stonybrook.edu/~rezaul,5nmElSoAAAAJ
Rezaul Hasan,Massey University,http://www.massey.ac.nz/massey/expertise/profile.cfm?stref=648830,mDiFYcYAAAAJ
RhongHo Jang,Wayne State University,https://engineering.wayne.edu/profile/hf8512,h9Nfyf0AAAAJ
Rhongho Jang,Wayne State University,https://engineering.wayne.edu/profile/hf8512,h9Nfyf0AAAAJ
Rhys Tague,Western Sydney University,https://www.westernsydney.edu.au/staff_profiles/WSU/doctor_rhys_tague,RPpLQjoAAAAJ
Riad Jabri,University of Jordan,http://eacademic.ju.edu.jo/jabri,6OS8WIIAAAAJ
Riad S. Wahby,Carnegie Mellon University,https://wahby.net/,cwIxVGgAAAAJ
Riad Wahby,Carnegie Mellon University,https://wahby.net/,cwIxVGgAAAAJ
Riadul Islam,Univ. of Maryland - Baltimore County,https://www.csee.umbc.edu/people/faculty/riadul-islam/,y1x9Hx8AAAAJ
Riaz Ahmed Shaikh,King Abdulaziz University,http://www.kau.edu.sa/Content.aspx?Site_ID=61117&lng=EN&cid=60829,aKvhKTAAAAAJ
Ribana Roscher,University of Osnabrück,https://www.informatik.uni-osnabrueck.de/institut/personen.html,37m2U7QAAAAJ
Ricardo A. L. Reis,UFRGS,http://inf.ufrgs.br/~reis,Iw4qTucAAAAJ
Ricardo Augusto da Luz Reis,UFRGS,http://inf.ufrgs.br/~reis,Iw4qTucAAAAJ
Ricardo B. C. Prudêncio,UFPE,https://www.cin.ufpe.br/~rbcp,P6InHKcAAAAJ
Ricardo Bastos Cavalcante Prudêncio,UFPE,https://www.cin.ufpe.br/~rbcp,P6InHKcAAAAJ
Ricardo C. Farias,UFRJ,http://www.cos.ufrj.br/~rfarias,tmOKSCgAAAAJ
Ricardo Chaves,Universidade de Lisboa,http://sips.inesc-id.pt/~rjfc/mypublications.php,fCwoC5gAAAAJ
Ricardo Dahab,UNICAMP,http://www.ic.unicamp.br/~rdahab,0wWyXsMAAAAJ
Ricardo Ferreira 0001,Universidade Federal de Viçosa,http://www2.dpi.ufv.br/?page_id=546,wjD-OY8AAAAJ
Ricardo G. Sanfelice,Univ. of California - Santa Cruz,https://hybrid.soe.ucsc.edu,wCWPJG8AAAAJ
Ricardo Gonçalves 0001,Universidade NOVA de Lisboa,https://userweb.fct.unl.pt//~rjrg,i7FluKUAAAAJ
Ricardo Guerra Marroquim,TU Delft,http://graphics.tudelft.nl/~marroquim,VNSYnOAAAAAJ
Ricardo Gutierrez-Osuna,Texas A&M University,http://psi.cse.tamu.edu/people/ricardo-gutierrez-osuna,UnuQfEwAAAAJ
Ricardo Henao,KAUST,https://cemse.kaust.edu.sa/cs/people/person/ricardo-henao,p_mm4-YAAAAJ
Ricardo J. F. Lopes Pereira,Universidade de Lisboa,http://tagus.inesc-id.pt/~rpereira,25OSsS8AAAAJ
Ricardo J. G. B. Campello,USP-ICMC,http://icmc.usp.br/pessoas?id=11548141,jh1yfPIAAAAJ
Ricardo José Gabrielli Barreto Campello,USP-ICMC,http://icmc.usp.br/pessoas?id=11548141,jh1yfPIAAAAJ
Ricardo L. de Queiroz,Universidade de Brasília,http://queiroz.divp.org,jsGOqjEAAAAJ
Ricardo Lima 0001,UFPE,https://lattes.cnpq.br/0033981436042117,b3YHn_EAAAAJ
Ricardo M. A. Silva,UFPE,https://www.cin.ufpe.br/~rmas,eqqC3cwAAAAJ
Ricardo M. F. Lima,UFPE,https://lattes.cnpq.br/0033981436042117,b3YHn_EAAAAJ
Ricardo Marroquim,TU Delft,http://graphics.tudelft.nl/~marroquim,VNSYnOAAAAAJ
Ricardo Martins 0001,UFPE,https://www.cin.ufpe.br/~rmas,eqqC3cwAAAAJ
Ricardo Martins Abreu e Silva,UFPE,https://www.cin.ufpe.br/~rmas,eqqC3cwAAAAJ
Ricardo Martins de Abreu Silva,UFPE,https://www.cin.ufpe.br/~rmas,eqqC3cwAAAAJ
Ricardo Massa 0001,UFPE,https://lattes.cnpq.br/0033981436042117,b3YHn_EAAAAJ
Ricardo Massa Ferreira Lima,UFPE,https://lattes.cnpq.br/0033981436042117,b3YHn_EAAAAJ
Ricardo N. Rodrigues,Federal University of Rio Grande,http://ricardo.c3.furg.br,4pX-2jUAAAAJ
Ricardo P. Jacobi,Universidade de Brasília,http://cic.unb.br/~rjacobi/Home.html,NOSCHOLARPAGE
Ricardo Pezzuol Jacobi,Universidade de Brasília,http://cic.unb.br/~rjacobi/Home.html,NOSCHOLARPAGE
Ricardo Reis 0001,UFRGS,http://inf.ufrgs.br/~reis,Iw4qTucAAAAJ
Ricardo Rodriguez,University of Buenos Aires,http://www-2.dc.uba.ar/profesores/ricardo,I14fhF4AAAAJ
Ricardo S. Ferreira,Universidade Federal de Viçosa,http://www2.dpi.ufv.br/?page_id=546,wjD-OY8AAAAJ
Ricardo Santos 0002,UFMS,https://www.facom.ufms.br/~ricardo,NOSCHOLARPAGE
Ricardo Santos Ferreira,Universidade Federal de Viçosa,http://www2.dpi.ufv.br/?page_id=546,wjD-OY8AAAAJ
Ricardo Vilalta,University of Houston,http://www2.cs.uh.edu/~vilalta,YXtB2JkAAAAJ
Ricardo da Silva Torres,UNICAMP,http://www.ic.unicamp.br/~rtorres,IGZ5WmgAAAAJ
Ricardo dos Santos Ferreira,Universidade Federal de Viçosa,http://www2.dpi.ufv.br/?page_id=546,wjD-OY8AAAAJ
Ricarose Roque,University of Colorado Boulder,http://www.ricarose.com,Vvb4YzoAAAAJ
Riccardo Bettati,Texas A&M University,http://faculty.cs.tamu.edu/bettati,LiAGLcwAAAAJ
Riccardo Di Clemente,University of Exeter,http://emps.exeter.ac.uk/computer-science/staff/rd497,P4fwjZIAAAAJ
Riccardo Distasi,University of Salerno,http://www.unisa.it/docenti/riccardodistasi/index,NOSCHOLARPAGE
Riccardo Guidotti,University of Pisa,http://kdd.isti.cnr.it/kdd7/?q=people/riccardo-guidotti,KZUaK6YAAAAJ
Riccardo Lazzeretti,Sapienza University of Rome,http://www.diag.uniroma1.it/users/riccardo%20lazzeretti,mBq2JNsAAAAJ
Riccardo Paccagnella,Carnegie Mellon University,https://www.cs.cmu.edu/~rpaccagn/,yUt1PFIAAAAJ
Riccardo Poli,University of Essex,https://www.essex.ac.uk/people/polir15101/riccardo-poli,fNVNLBcAAAAJ
Riccardo Rosati 0001,Sapienza University of Rome,http://www.diag.uniroma1.it/rosati,4HPbOwwAAAAJ
Riccardo Scandariato,Chalmers/GU,http://www.scandariato.org,NOSCHOLARPAGE
Riccardo Zecchina,Bocconi University,https://sites.google.com/view/riccardozecchina,fNOReswAAAAJ
Rich Gazan,University of Hawaii at Manoa,http://www2.hawaii.edu/~gazan,b8pOXakAAAAJ
Rich Vuduc,Georgia Institute of Technology,http://vuduc.org,CCGI7x4AAAAJ
Rich Wolski,Univ. of California - Santa Barbara,https://www.cs.ucsb.edu/~rich,NOSCHOLARPAGE
Richa Singh 0001,IIT Jodhpur,http://home.iitj.ac.in/~richa,okqK5UAAAAAJ
Richard A. DeMillo,Georgia Institute of Technology,http://c21u.gatech.edu/team/staff/demillo,Pil9rEEAAAAJ
Richard A. Kemmerer,Univ. of California - Santa Barbara,https://www.cs.ucsb.edu/~kemm,NOSCHOLARPAGE
Richard A. O'Keefe,University of Otago,http://www.cs.otago.ac.nz/staff/richard.html,NOSCHOLARPAGE
Richard A. Peters,Vanderbilt University,http://engineering.vanderbilt.edu/bio/richard-alan-peters,NOSCHOLARPAGE
Richard A. Peters II,Vanderbilt University,http://engineering.vanderbilt.edu/bio/richard-alan-peters,NOSCHOLARPAGE
Richard A. Watson,University of Southampton,https://www.ecs.soton.ac.uk/people/raw1,DBDLLYQAAAAJ
Richard Alan Peters,Vanderbilt University,http://engineering.vanderbilt.edu/bio/richard-alan-peters,NOSCHOLARPAGE
Richard Alan Peters II,Vanderbilt University,http://engineering.vanderbilt.edu/bio/richard-alan-peters,NOSCHOLARPAGE
Richard Alterman,Brandeis University,http://www.brandeis.edu/facultyguide/person.html?emplid=4a09ce0d1a4b429db8f07e9e0210e5e2e7ab094b,NOSCHOLARPAGE
Richard B. Borie,The University of Alabama,http://borie.cs.ua.edu,NOSCHOLARPAGE
Richard B. Brown,University of Utah,http://www.coe.utah.edu/brown,Pq-WxP8AAAAJ
Richard Banach,University of Manchester,https://www.research.manchester.ac.uk/portal/richard.banach.html,l0KTTxcAAAAJ
Richard Bartle,University of Essex,https://www.essex.ac.uk/people/bartl01006/richard-bartle,ZKvoljcAAAAJ
Richard Beigel,Temple University,https://cis.temple.edu/~beigel,wdnoVk0AAAAJ
Richard Berntsson Svensson,Chalmers/GU,https://www.chalmers.se/en/staff/Pages/ricbern.aspx,NOSCHOLARPAGE
Richard Bonneau,New York University,http://biology.as.nyu.edu/object/RichardBonneau,Wq8XTykAAAAJ
Richard Booth 0001,Cardiff University,https://www.cardiff.ac.uk/people/view/473179-booth-richard,r2orIhYAAAAJ
Richard Bowden,University of Surrey,http://personal.ee.surrey.ac.uk/Personal/R.Bowden,mvvgDvcAAAAJ
Richard Brown,University of Utah,https://faculty.utah.edu/u0456963-RICHARD_B_BROWN/research/index.hml%3Bjsessionid=745e53f2851f901651d427dce28e:cgFJUMHsaTyTLw5p,0bOGwxoAAAAJ
Richard Buckland,UNSW,http://www.cse.unsw.edu.au/~richardb,NOSCHOLARPAGE
Richard C. Wilson 0001,University of York,https://www-users.cs.york.ac.uk/wilson,o4Sq5yMAAAAJ
Richard Chang 0001,Univ. of Maryland - Baltimore County,http://umbc.edu/~chang,jBpRIe0AAAAJ
Richard Chapman,Auburn University,https://www.eng.auburn.edu/comp/faculty,Ncn4IvUAAAAJ
Richard Cleve,University of Waterloo,http://cleve.iqc.uwaterloo.ca,dNq5mN4AAAAJ
Richard Cole 0001,New York University,http://cs.nyu.edu/cole,p2ttvlEAAAAJ
Richard D. Green,University of Canterbury,http://www.cosc.canterbury.ac.nz/richard.green,NOSCHOLARPAGE
Richard D. Lange,Rochester Institute of Technology,https://sites.google.com/view/bonsai-lab/home,xc-Z4CoAAAAJ
Richard David Evans,Dalhousie University,https://www.dal.ca/faculty/computerscience/faculty-staff/richard-evans.html,NqlOPkMAAAAJ
Richard DeFrancisco,Augusta University,https://www3.cs.stonybrook.edu/~rdefrancisco,tcGjTOoAAAAJ
Richard E. Jones,University of Kent,https://www.cs.kent.ac.uk/~rej,WL9WBgoAAAAJ
Richard E. Newman,University of Florida,http://www.cise.ufl.edu/~nemo,7im4NjEAAAAJ
Richard E. Newman-Wolfe,University of Florida,http://www.cise.ufl.edu/~nemo,7im4NjEAAAAJ
Richard Egli,Université de Sherbrooke,https://www.usherbrooke.ca/informatique/personnel/corps-professoral/professeurs/richard-egli,NOSCHOLARPAGE
Richard F. Paige,University of York,https://www-users.cs.york.ac.uk/~paige,HzFjuyUAAAAJ
Richard F. Riesenfeld,University of Utah,https://www.cs.utah.edu/~rfr,NOSCHOLARPAGE
Richard Fujimoto,Georgia Institute of Technology,http://www.cc.gatech.edu/~fujimoto,q1bkP7AAAAAJ
Richard Furuta,Texas A&M University,http://www.csdl.tamu.edu/~furuta,vygtLDcAAAAJ
Richard G. Baraniuk,Rice University,http://richb.rice.edu,N-BBA20AAAAJ
Richard Gault,Queen's University Belfast,https://pure.qub.ac.uk/en/persons/richard-gault,cOjkKvkAAAAJ
Richard H. Clayton,University of Sheffield,https://www.sheffield.ac.uk/dcs/people/academic/richard-clayton,XzTziRcAAAAJ
Richard H. Lathrop,Univ. of California - Irvine,http://www.ics.uci.edu/~rickl,D9UDlHYAAAAJ
Richard H. R. Harper,Lancaster University,https://www.lancaster.ac.uk/scc/about-us/people/richard-harper,RGVGixkAAAAJ
Richard Han 0001,University of Colorado Boulder,http://www.cs.colorado.edu/~rhan,mah-B4IAAAAJ
Richard Harper 0001,Lancaster University,https://www.lancaster.ac.uk/scc/about-us/people/richard-harper,RGVGixkAAAAJ
Richard Haverkamp,Massey University,http://www.massey.ac.nz/massey/expertise/profile.cfm?stref=627430,UanjyZMAAAAJ
Richard Hughey,Univ. of California - Santa Cruz,https://www.soe.ucsc.edu/people/rph,D8iiWtEAAAAJ
Richard J. Anderson,University of Washington,http://www.cs.washington.edu/people/faculty/anderson,uLsDDUMAAAAJ
Richard J. Cole,New York University,http://cs.nyu.edu/cole,p2ttvlEAAAAJ
Richard J. Duro,University of A Coruña,https://pdi.udc.es/en/File/Pdi/RX99E,XhXX7ZkAAAAJ
Richard J. Duro Fernandez,University of A Coruña,https://pdi.udc.es/en/File/Pdi/RX99E,XhXX7ZkAAAAJ
Richard J. Enbody,Michigan State University,http://www.cse.msu.edu/~enbody,QR4VpsIAAAAJ
Richard J. Trefler,University of Waterloo,https://cs.uwaterloo.ca/~trefler,NOSCHOLARPAGE
Richard Jensen,Aberystwyth University,https://www.aber.ac.uk/en/cs/staff-profiles/listing/profile/rkj,_nYdqsoAAAAJ
Richard Johansson,Chalmers/GU,https://www.chalmers.se/en/staff/Pages/richard-johansson.aspx,FvhWYU8AAAAJ
Richard Khoury,Université Laval,http://www2.ift.ulaval.ca/~rikho,PgyHf0oAAAAJ
Richard Lenz,University of Erlangen–Nuremberg,https://www.cs6.tf.fau.de/lehrstuhl/personen/richard-lenz,pN7nt2gAAAAJ
Richard M. Everson,University of Exeter,http://emps.exeter.ac.uk/computer-science/staff/reverson,2XJDEWUAAAAJ
Richard M. Fujimoto,Georgia Institute of Technology,http://www.cc.gatech.edu/~fujimoto,q1bkP7AAAAAJ
Richard M. Jiang 0001,Lancaster University,https://www.lancaster.ac.uk/scc/about-us/people/richard-jiang,NuyoNc4AAAAJ
Richard M. Karp,Univ. of California - Berkeley,https://www.eecs.berkeley.edu/Faculty/Homepages/karp.html,NOSCHOLARPAGE
Richard M. Mortier,University of Cambridge,http://mort.io,9LJgRFAAAAAJ
Richard M. Stern,Carnegie Mellon University,http://www.cs.cmu.edu/~rms,ffUu1PcAAAAJ
Richard Mann,University of Waterloo,https://cs.uwaterloo.ca/~mannr,NOSCHOLARPAGE
Richard Marciano,University of Maryland - College Park,https://www.cs.umd.edu/people/marciano,6xPi5mQAAAAJ
Richard Mayr,University of Edinburgh,http://homepages.inf.ed.ac.uk/rmayr,o5doXYoAAAAJ
Richard Mortier,University of Cambridge,http://mort.io,9LJgRFAAAAAJ
Richard N. Thomas,University of Queensland,https://communication-arts.uq.edu.au/tutor-contact-details,RYlsfBQAAAAJ
Richard Nelson,University of Waikato,http://www.cms.waikato.ac.nz/people/richardn,18npA5wAAAAJ
Richard O. Sinnott,University of Melbourne,http://www.findanexpert.unimelb.edu.au/display/person342078,irye6KMAAAAJ
Richard P. Martin,Rutgers University,https://www.cs.rutgers.edu/~rmartin,kPyVN7AAAAAJ
Richard P. Wildes,York University,http://www.cse.yorku.ca/~wildes,1vEw_kgAAAAJ
Richard Peng,Carnegie Mellon University,https://www.cs.cmu.edu/~yangp,loh7ivYAAAAJ
Richard Ryan Williams,Massachusetts Institute of Technology,http://web.stanford.edu/~rrwill,Wp38QQYAAAAJ
Richard S. Bird,University of Oxford,http://www.cs.ox.ac.uk/richard.bird,1vrc8EUAAAAJ
Richard S. Sutton,University of Alberta,https://webdocs.cs.ualberta.ca/~sutton,hNTyptAAAAAJ
Richard S. Zemel,Columbia University,http://www.cs.toronto.edu/~zemel,iBeDoRAAAAAJ
Richard Souvenir,Temple University,https://cis.temple.edu/~souvenir,1sMNiJIAAAAJ
Richard Squier,Georgetown University,http://explore.georgetown.edu/people/squier,TsnIyVQAAAAJ
Richard T. B. Ma,National University of Singapore,https://www.comp.nus.edu.sg/~tbma,gdyYJz4AAAAJ
Richard T. Snodgrass,University of Arizona,http://www.cs.arizona.edu/~rts,BkrB4awAAAAJ
Richard T. Vaughan,Simon Fraser University,http://www.cs.sfu.ca/~vaughan,rPCzqN4AAAAJ
Richard Torkar,Chalmers/GU,https://www.chalmers.se/en/staff/Pages/richard-torkar.aspx,NOSCHOLARPAGE
Richard Veras,University of Oklahoma,https://www.ou.edu/coe/cs/people/faculty/richard-veras,MT2aQT0AAAAJ
Richard W. Vuduc,Georgia Institute of Technology,http://vuduc.org,CCGI7x4AAAAJ
Richard Watson,Texas Tech University,http://www.depts.ttu.edu/cs/faculty/faculty.php?name=Richard%20Watson,NOSCHOLARPAGE
Richard West,Boston University,https://www.cs.bu.edu/~richwest,5XXBTc8AAAAJ
Richard Wildes,York University,http://www.cse.yorku.ca/~wildes,1vEw_kgAAAAJ
Richard Wolski,Univ. of California - Santa Barbara,https://www.cs.ucsb.edu/~rich,NOSCHOLARPAGE
Richard Zanibbi,Rochester Institute of Technology,https://www.cs.rit.edu/~rlaz,k6xVb1QAAAAJ
Richard Zhang 0002,Simon Fraser University,http://www.cs.sfu.ca/~haoz,NOSCHOLARPAGE
Richong Zhang,Beihang University,http://act.buaa.edu.cn/zhangrc,bjFPXksAAAAJ
Richárd Farkas,University of Szeged,http://www.inf.u-szeged.hu/~rfarkas,YCQqrdcAAAAJ
Rick Alterman,Brandeis University,http://www.brandeis.edu/facultyguide/person.html?emplid=4a09ce0d1a4b429db8f07e9e0210e5e2e7ab094b,NOSCHOLARPAGE
Rick Kazman,University of Hawaii at Manoa,https://shidler.hawaii.edu/itm/directory/rick-kazman,NUJQv_oAAAAJ
Rick L. Stevens,University of Chicago,https://cs.uchicago.edu/directory/rick-stevens,2oSSsLYAAAAJ
Rick Rabiser,JKU Linz,https://www.jku.at/en/lit-cyber-physical-systems-lab/about-us/our-team/univ-prof-mag-dr-rick-rabiser/,7-AdX4sAAAAJ
Rick Stevens,University of Chicago,https://cs.uchicago.edu/directory/rick-stevens,2oSSsLYAAAAJ
Rick Wildes,York University,http://www.cse.yorku.ca/~wildes,1vEw_kgAAAAJ
Rickard Ewetz,University of Central Florida,http://www.ece.ucf.edu/~ewetz,h_RaG-8AAAAJ
Rico Moeckel,Maastricht University,https://www.maastrichtuniversity.nl/rico.mockel,57dQcbgAAAAJ
Rico Möckel,Maastricht University,https://www.maastrichtuniversity.nl/rico.mockel,57dQcbgAAAAJ
Rico Sennrich,University of Zurich,https://www.cl.uzh.ch/en/people/team/sennrich.html,XTpJvCgAAAAJ
Rida A. Bazzi,Arizona State University,http://bazzi.faculty.asu.edu,FrMOlk8AAAAJ
Rida Laraki,University of Liverpool,https://sites.google.com/site/ridalaraki,zwkQWEgAAAAJ
Ridha Khedri,McMaster University,http://www.cas.mcmaster.ca/~khedri,NOSCHOLARPAGE
Rie Yamaguchi,University of Tokyo,http://www.yamagula.ic.i.u-tokyo.ac.jp/index_e.html,NOSCHOLARPAGE
Rifat Shahriyar,BUET,http://rifatshahriyar.github.io,p-w4hOUAAAAJ
Rihan Hai,TU Delft,https://www.wis.ewi.tudelft.nl/hai,vD8M9R0AAAAJ
Rijurekha Sen,IIT Delhi,http://www.cse.iitd.ernet.in/~rijurekha,yTPVlzgAAAAJ
Rik Sarkar,University of Edinburgh,http://homepages.inf.ed.ac.uk/rsarkar,rmMWizEAAAAJ
Rikke Bjerg Jensen,Royal Holloway University of London,https://pure.royalholloway.ac.uk/en/persons/rikke-bjerg-jensen,NOSCHOLARPAGE
Rikky Muller,Univ. of California - Berkeley,https://www2.eecs.berkeley.edu/Faculty/Homepages/rikky.html,4bgii4oAAAAJ
Riko Jacob,IT University of Copenhagen,https://pure.itu.dk/portal/en/persons/riko-jacob(e6f70fb0-caf1-4736-b583-b0777bc1390f).html,Bt7TAOYAAAAJ
Rina Dechter,Univ. of California - Irvine,http://www.ics.uci.edu/~dechter,PI_3bqEAAAAJ
Rineke Verbrugge,University of Groningen,http://www.ai.rug.nl/~rineke,p6lcxiMAAAAJ
Rini van Solingen,TU Delft,https://rinivansolingen.nl,9LxiPOUAAAAJ
Rinku Dewri,University of Denver,http://www.cs.du.edu/~rdewri,gJ7XMyoAAAAJ
Rinku Shah,IIIT Delhi,https://www.iiitd.ac.in/rinku,jNhSvOEAAAAJ
Rio Yokota,Tokyo Institute of Technology,http://www.rio.gsic.titech.ac.jp/jp/index.html,klw9KE0AAAAJ
Ripon Patgiri,National Institute of Technology Silchar,http://cs.nits.ac.in/rp,UqnzylwAAAAJ
Risat Mahmud Pathan,Chalmers/GU,https://www.chalmers.se/en/staff/Pages/risat.aspx,NOSCHOLARPAGE
Risat Pathan,Chalmers/GU,https://www.chalmers.se/en/staff/Pages/risat.aspx,NOSCHOLARPAGE
Rishab Goyal,University of Wisconsin - Madison,https://pages.cs.wisc.edu/~rishab/,YsOdB70AAAAJ
Rishab Nithyanand,University of Iowa,https://cs.uiowa.edu/people/rishab-nithyanand,iFjAUN8AAAAJ
Rishabh K. Iyer,University of Texas at Dallas,https://sites.google.com/view/rishabhiyer/,l_XxJ1kAAAAJ
Rishi Ranjan Singh,IIT Bhilai,https://www.iitbhilai.ac.in/index.php?pid=rishi,4J9VnWAAAAAJ
Rishiraj Bhattacharyya,University of Birmingham,https://www.birmingham.ac.uk/staff/profiles/computer-science/academic-staff/bhattacharyya-rishiraj.aspx,NOSCHOLARPAGE
Risi Kondor,University of Chicago,http://people.cs.uchicago.edu/~risi,v12-jLUAAAAJ
Risto Miikkulainen,University of Texas at Austin,http://www.cs.utexas.edu/~risto,2SmbjHAAAAAJ
Rita Borgo,King's College London,https://www.kcl.ac.uk/people/rita-borgo,OtAll0cAAAAJ
Rita Francese,University of Salerno,http://salerno.academia.edu/RitaFrancese,zb3BXvcAAAAJ
Rita Maria da Silva Julia,UFU,http://www.ppgco.facom.ufu.br/pt-br/pessoas/rita-maria-da-silva-julia,NOSCHOLARPAGE
Rita Orji,Dalhousie University,https://www.dal.ca/faculty/computerscience/news-events/events/2017/03/22/cs_seminar__rita_orji___designing_for_behavior_change__improving_the_efficacy_of_persuasive_technology_using_personalization_models.html,-1cHtBQAAAAJ
Ritambhara Singh,Brown University,https://ritambharasingh.com,V6lRMxoAAAAJ
Rittika Shamsuddin,Oklahoma State University,https://ileadlab.okstate.edu,NOSCHOLARPAGE
Ritu Chaturvedi,University of Guelph,https://www.uoguelph.ca/computing/people/ritu-chaturvedi,NOSCHOLARPAGE
Rivalino Matias,UFU,http://www.facom.ufu.br/~rivalino,ldNItkAAAAAJ
Rivalino Matias Jr.,UFU,http://www.facom.ufu.br/~rivalino,ldNItkAAAAAJ
Rivalino Matias Júnior,UFU,http://www.facom.ufu.br/~rivalino,ldNItkAAAAAJ
Rivka Levitan,CUNY,http://www.sci.brooklyn.cuny.edu/~levitan,BKeOMSkAAAAJ
Riyadh Baghdadi,NYU Abu Dhabi,https://nyuad.nyu.edu/en/academics/divisions/science/faculty/riyadh-baghdadi.html,cVZZ7PAAAAAJ
Riza Batista-Navarro,University of Manchester,http://www.cs.manchester.ac.uk/about-us/staff/profile/?ea=riza.batista,NOSCHOLARPAGE
Riza Theresa Batista-Navarro,University of Manchester,http://www.cs.manchester.ac.uk/about-us/staff/profile/?ea=riza.batista,NOSCHOLARPAGE
Rizos Sakellariou,University of Manchester,http://www.cs.man.ac.uk/~rizos,5LPRRM8AAAAJ
Rob A. Rutenbar,University of Pittsburgh,https://www.chancellor.pitt.edu/people/rob-rutenbar,avq8-1QAAAAJ
Rob Alexander,University of York,https://www-users.cs.york.ac.uk/~rda,DFdBpC0AAAAJ
Rob D. van der Mei,CWI,http://www.few.vu.nl/~mei,MTrV8cgAAAAJ
Rob J. van Glabbeek,University of Edinburgh,http://www.inf.ed.ac.uk/people/staff/Rob_van_Glabbeek.html,Ngf21nIAAAAJ
Rob Knight 0001,Univ. of California - San Diego,https://knightlab.ucsd.edu,_e3QL94AAAAJ
Rob Kremer,University of Calgary,http://kremer.cpsc.ucalgary.ca,KTHrGlQAAAAJ
Rob Lindeman 0001,University of Canterbury,http://www.canterbury.ac.nz/spark/Researcher.aspx?researcherid=4447467,50jH5EUAAAAJ
Rob Meredith,Monash University,http://monash.edu/research/explore/en/persons/robert-meredith(d68a8248-25e6-42e7-a8df-a4cba6db333a).html,agSLx_kAAAAJ
Rob Miller 0001,Massachusetts Institute of Technology,http://www.mit.edu/~rcm,1MK2_tMAAAAJ
Rob Patro,University of Maryland - College Park,https://www.cs.umd.edu/people/nomad,H36hOqEAAAAJ
Rob Procter,University of Warwick,https://warwick.ac.uk/fac/sci/dcs/people/rob_procter,IH2TPkkAAAAJ
Rob Simmonds,University of Cape Town,https://www.researchgate.net/profile/Rob_Simmonds,NOSCHOLARPAGE
Rob Smith,University College London,http://www0.cs.ucl.ac.uk/people/Rob.Smith.html,NOSCHOLARPAGE
Rob Stewart 0001,Heriot-Watt University,https://www.hw.ac.uk/staff/uk/macs/robert-stewart.htm,ArZWHf4AAAAJ
Rob V. van Nieuwpoort,University of Amsterdam,https://www.esciencecenter.nl/team/prof-dr-rob-van-nieuwpoort/,z7-NbJ0AAAAJ
Rob Voigt,Northwestern University,https://faculty.wcas.northwestern.edu/robvoigt/,8mypUVwAAAAJ
Rob van Nieuwpoort,University of Amsterdam,https://www.esciencecenter.nl/team/prof-dr-rob-van-nieuwpoort/,z7-NbJ0AAAAJ
Rob van der Goot,IT University of Copenhagen,https://robvanderg.github.io,lU4zpOEAAAAJ
Rob van der Mei,CWI,http://www.few.vu.nl/~mei,MTrV8cgAAAAJ
Robbert Krebbers,Radboud University,http://robbertkrebbers.nl,8JmcliwAAAAJ
Robbert van Renesse,Cornell University,https://www.cs.cornell.edu/home/rvr,uJbM58UAAAAJ
Robby,Kansas State University,http://robby.santoslab.org,j5aiHcsAAAAJ
Robby Bruce Findler,Northwestern University,https://www.eecs.northwestern.edu/~robby,eBqftc8AAAAJ
Robert A. van Engelen,Florida State University,https://www.asee.org/public/conferences/32/papers/9523/view,6qaOBTMAAAAJ
Robert A. van de Geijn,University of Texas at Austin,http://cs.utexas.edu/~rvdg,62GM5XcAAAAJ
Robert Akl,University of North Texas,http://www.cse.unt.edu/~rakl/index.html,P5ZVxE0AAAAJ
Robert Alexander,University of York,https://www-users.cs.york.ac.uk/~rda,DFdBpC0AAAAJ
Robert Allison,York University,http://www.cse.yorku.ca/~allison,1LbWyf4AAAAJ
Robert Amor,University of Auckland,https://www.cs.auckland.ac.nz/~trebor,WqqlB5oAAAAJ
Robert Atkey,University of Strathclyde,https://pureportal.strath.ac.uk/en/persons/bob-atkey/publications,0bo89OQAAAAJ
Robert B. Fisher,University of Edinburgh,http://homepages.inf.ed.ac.uk/rbf,LigYduEAAAAJ
Robert B. Heckendorn,University of Idaho,http://marvin.cs.uidaho.edu/~heckendo,Hd0x1I4AAAAJ
Robert B. Schnabel,University of Colorado Boulder,https://www.colorado.edu/cs/bobby-schnabel,NOSCHOLARPAGE
Robert B. Stevenson,University of Notre Dame,https://engineering.nd.edu/profiles/rstevenson,fv9jGnkAAAAJ
Robert Babuska,Czech Technical University,https://www.ciirc.cvut.cz/people/people-list/?uid=babusrob,0orN2FUAAAAJ
Robert Beiko,Dalhousie University,https://www.dal.ca/faculty/computerscience/faculty-staff/robert-beiko.html,OmUy3vUAAAAJ
Robert Bergevin,Université Laval,http://w3.gel.ulaval.ca/~bergevin,j9jEMToAAAAJ
Robert Biddle,Carleton University,https://carleton.ca/scs/people/robert-biddle,Z3jkhWIAAAAJ
Robert Bredereck,TU Clausthal,https://robert.bredereck.info/,DdtpTRwAAAAJ
Robert Bruce Findler,Northwestern University,https://www.eecs.northwestern.edu/~robby,eBqftc8AAAAJ
Robert C. Berwick,Massachusetts Institute of Technology,https://lids.mit.edu/people/facultypi/robert-berwick,NOSCHOLARPAGE
Robert C. Holte,University of Alberta,https://webdocs.cs.ualberta.ca/~holte,CXPlI08AAAAJ
Robert C. Miller,Massachusetts Institute of Technology,http://www.mit.edu/~rcm,1MK2_tMAAAAJ
Robert C. Williamson,University of Tübingen,https://uni-tuebingen.de/en/197812,G4MBruQAAAAJ
Robert Cartwright,Rice University,https://www.cs.rice.edu/~cork/index.shtml,TtJeqqoAAAAJ
Robert Craig Holte,University of Alberta,https://webdocs.cs.ualberta.ca/~holte,CXPlI08AAAAJ
Robert D. Cameron,Simon Fraser University,http://www.cs.sfu.ca/~cameron,NOSCHOLARPAGE
Robert D. Gregg,University of Michigan,https://gregg.engin.umich.edu,hEypYOEAAAAJ
Robert D. Gregg IV,University of Michigan,https://gregg.engin.umich.edu,hEypYOEAAAAJ
Robert D. Kent,University of Windsor,http://www.uwindsor.ca/science/computerscience/1037/dr-robert-kent,NOSCHOLARPAGE
Robert D. Kleinberg,Cornell University,http://www.cs.cornell.edu/~rdk,zkvW8FQAAAAJ
Robert D. Macredie,Brunel University London,https://www.brunel.ac.uk/people/robert-macredie,jdB84x8AAAAJ
Robert D. Montoya,Indiana University,http://robertdmontoya.com,JwuWrxkAAAAJ
Robert D. Mullins,University of Cambridge,https://www.cl.cam.ac.uk/~rdm34,zjXO2HMAAAAJ
Robert D. Nowak,University of Wisconsin - Madison,http://nowak.ece.wisc.edu,fn13u8IAAAAJ
Robert D. Rodman,North Carolina State University,https://www.csc.ncsu.edu/people/rodman,NOSCHOLARPAGE
Robert D. Stevens,University of Manchester,https://www.research.manchester.ac.uk/portal/robert.stevens.html,P7ACZMQAAAAJ
Robert D. Tennent,Queen’s University,http://www.cs.queensu.ca/people/faculty.php,NOSCHOLARPAGE
Robert D. van der Mei,CWI,http://www.few.vu.nl/~mei,MTrV8cgAAAAJ
Robert Dabrowski,University of Warsaw,https://www.facebook.com/public/Robert-Dabrowski/school/Warsaw-University-of-Technology-109438579082305,jJXYs6EAAAAJ
Robert Duncan Macredie,Brunel University London,https://www.brunel.ac.uk/people/robert-macredie,jdB84x8AAAAJ
Robert Dyer,University of Nebraska,https://go.unl.edu/rdyer,-tLiAa8AAAAJ
Robert Dyer 0001,University of Nebraska,https://go.unl.edu/rdyer,-tLiAa8AAAAJ
Robert E. Bodenheimer,Vanderbilt University,http://www.vuse.vanderbilt.edu/~bobbyb,hI4XguUAAAAJ
Robert E. Fields,Middlesex University,http://www.cs.mdx.ac.uk/people/bob-fields,DrLWtAYAAAAJ
Robert E. Hiromoto,University of Idaho,http://www.uidaho.edu/engr/departments/cs/our-people/faculty/robert-hiromoto,NOSCHOLARPAGE
Robert E. Kinicki,Worcester Polytechnic Institute,http://www.cs.wpi.edu/~rek,NOSCHOLARPAGE
Robert E. Kraut,Carnegie Mellon University,http://kraut.hciresearch.org,HKGYvu4AAAAJ
Robert E. Mahony,Australian National University,http://users.cecs.anu.edu.au/Robert.Mahony,GbLX3cIAAAAJ
Robert E. Mercer,Western University,http://www.csd.uwo.ca/~mercer,HKJ_SkAAAAAJ
Robert E. Tarjan,Princeton University,https://www.cs.princeton.edu/~ret,lazJixIAAAAJ
Robert E. Webber,Western University,http://www.csd.uwo.ca/~webber,A4nm80EAAAAJ
Robert Elsässer,University of Salzburg,https://algorithms.cosy.sbg.ac.at/group/robert-elsaesser.html,WIY8ymUAAAAJ
Robert Endre Tarjan,Princeton University,https://www.cs.princeton.edu/~ret,lazJixIAAAAJ
Robert F. Kelly,Stony Brook University,https://www.cs.stonybrook.edu/people/faculty/RobertKelly,M6IXlpgAAAAJ
Robert F. Murphy,Carnegie Mellon University,http://murphylab.web.cmu.edu,qQLlBH4AAAAJ
Robert Feldt,Chalmers/GU,https://www.chalmers.se/en/staff/Pages/robert-feldt.aspx,VemqkeEAAAAJ
Robert G. Crawford,Queen’s University,http://research.cs.queensu.ca/home/rgc,EQ-mkaAAAAAJ
Robert G. Maunder,University of Southampton,https://www.ecs.soton.ac.uk/people/rgm1y07,IpSIFzkAAAAJ
Robert G. Merkel,Monash University,http://monash.edu/research/explore/en/persons/robert-merkel(60ae5e11-1b74-4e46-bd00-0194549d414d).html,n8wCPF4AAAAJ
Robert G. Olsen,Washington State University,http://www.eecs.wsu.edu/~olsen,UO6K1TkAAAAJ
Robert G. Reynolds,Wayne State University,http://ai.cs.wayne.edu/ai/member%20webs/Reynolds/index.htm,DGxl9iUAAAAJ
Robert G. Trenary,Western Michigan University,https://www.cs.wmich.edu/~trenary,NOSCHOLARPAGE
Robert Ganian,TU Wien,https://www.ac.tuwien.ac.at/people/rganian/,nNem5xIAAAAJ
Robert Geist,Clemson University,https://people.cs.clemson.edu/~geist/homepage.html,Ui2NKZUAAAAJ
Robert Gene Reynolds,Wayne State University,http://ai.cs.wayne.edu/ai/member%20webs/Reynolds/index.htm,DGxl9iUAAAAJ
Robert George Mercas,Loughborough University,https://www.lboro.ac.uk/departments/compsci/staff/academic-teaching/robert-mercas,HJ0ZXFIAAAAJ
Robert Glück,University of Copenhagen,http://www.diku.dk/~glueck,cGfKulEAAAAJ
Robert Granger,University of Surrey,https://www.surrey.ac.uk/people/robert-granger,7Bhcs94AAAAJ
Robert H. Deng,Singapore Management University,https://www.smu.edu.sg/faculty/profile/9611/Robert-H-DENG,OPbZGPsAAAAJ
Robert H. Sloan,University of Illinois at Chicago,https://www.cs.uic.edu/Sloan,RiJSLsoAAAAJ
Robert Harle,University of Cambridge,https://www.cl.cam.ac.uk/~rkh23,MUWnoZIAAAAJ
Robert Harper 0001,Carnegie Mellon University,http://www.cs.cmu.edu/~rwh,hbpHGtQAAAAJ
Robert Hirschfeld,Hasso Plattner Institute,https://hpi.de/en/research/research-groups/software-architecture/,NOSCHOLARPAGE
Robert Hoehndorf,KAUST,https://www.kaust.edu.sa/en/study/faculty/robert-hoehndorf,4vVGk3kAAAAJ
Robert Holte,University of Alberta,https://webdocs.cs.ualberta.ca/~holte,CXPlI08AAAAJ
Robert Huijie Deng,Singapore Management University,https://www.smu.edu.sg/faculty/profile/9611/Robert-H-DENG,OPbZGPsAAAAJ
Robert I. Davis 0001,University of York,https://www-users.cs.york.ac.uk/~robdavis,xjVBcr4AAAAJ
Robert I. Soare,University of Chicago,http://people.cs.uchicago.edu/~soare,NOSCHOLARPAGE
Robert Ian Davis,University of York,https://www-users.cs.york.ac.uk/~robdavis,xjVBcr4AAAAJ
Robert Irving Soare,University of Chicago,http://people.cs.uchicago.edu/~soare,NOSCHOLARPAGE
Robert J. Brunner,Univ. of Illinois at Urbana-Champaign,http://www.astro.illinois.edu/people/bigdog,tL8qoFQAAAAJ
Robert J. Fornaro,North Carolina State University,https://www.csc.ncsu.edu/people/fornaro,NOSCHOLARPAGE
Robert J. Full,Univ. of California - Berkeley,https://ib.berkeley.edu/people/faculty/fullr,82eHqZYAAAAJ
Robert J. Gaizauskas,University of Sheffield,https://www.sheffield.ac.uk/dcs/people/academic/rob-gaizauskas,HY8ATOgAAAAJ
Robert J. Hammell,Towson University,https://www.towson.edu/fcsm/departments/computerinfosci/facultystaff/rhammell.html,NOSCHOLARPAGE
Robert J. Hammell II,Towson University,https://www.towson.edu/fcsm/departments/computerinfosci/facultystaff/rhammell.html,NOSCHOLARPAGE
Robert J. Hendley,University of Birmingham,https://www.birmingham.ac.uk/staff/profiles/computer-science/hendley-bob.aspx,9KywR_cAAAAJ
Robert J. Hilderman,University of Regina,http://www.cs.uregina.ca/People/Profiles/RobertHilderman.html,NOSCHOLARPAGE
Robert J. K. Jacob,Tufts University,http://www.cs.tufts.edu/~jacob,NOSCHOLARPAGE
Robert J. Renka,University of North Texas,http://www.cse.unt.edu/~renka,XzNYtXMAAAAJ
Robert J. Stewart,Heriot-Watt University,https://www.hw.ac.uk/staff/uk/macs/robert-stewart.htm,ArZWHf4AAAAJ
Robert J. Vanderbei,Princeton University,https://vanderbei.princeton.edu/,3mXqzKcAAAAJ
Robert J. Walker,University of Calgary,http://lsmr.org/walker,lvXu4XcAAAAJ
Robert J. Walls,Worcester Polytechnic Institute,http://rjwalls.github.io,7yHU8hMAAAAJ
Robert K. Harle,University of Cambridge,https://www.cl.cam.ac.uk/~rkh23,MUWnoZIAAAAJ
Robert Karam,University of South Florida,https://cse.usf.edu/~rkaram/,8m6uKm0AAAAJ
Robert Kleinberg,Cornell University,http://www.cs.cornell.edu/~rdk,zkvW8FQAAAAJ
Robert Kooima,Louisiana State University,http://csc.lsu.edu/~kooima,OcIwjtEAAAAJ
Robert Kraut,Carnegie Mellon University,http://kraut.hciresearch.org,HKGYvu4AAAAJ
Robert Krauthgamer,Weizmann Institute of Science,https://www.weizmann.ac.il/pages/search/people?language=english&single=1&person_id=4211,M3yUD0cAAAAJ
Robert Krüger,New York University,https://kruegert.github.io/,UHmEAooAAAAJ
Robert L. Constable,Cornell University,http://www.cs.cornell.edu/home/rc,NOSCHOLARPAGE
Robert L. Graham,Univ. of California - San Diego,https://cseweb.ucsd.edu/~rgraham,qrPaF3QAAAAJ
Robert L. Pastel,Michigan Technological University,https://www.mtu.edu/cs/department/faculty-staff/faculty/pastel,NOSCHOLARPAGE
Robert Laganière,University of Ottawa,http://www.site.uottawa.ca/~laganier,59ohye8AAAAJ
Robert Lagerström,KTH Royal Institute of Technology,https://www.kth.se/profile/robertl,SazOHOQAAAAJ
Robert Legenstein,Graz University of Technology,https://www.tugraz.at/institute/igi/team/prof-legenstein,nyUoJk0AAAAJ
Robert Lindeman,University of Canterbury,http://www.canterbury.ac.nz/spark/Researcher.aspx?researcherid=4447467,50jH5EUAAAAJ
Robert Lorenz 0001,University of Augsburg,https://www.informatik.uni-augsburg.de/lehrstuehle/inf/mitarbeiter/lorenz,5otllo8AAAAJ
Robert M. Haralick,CUNY,http://www.gc.cuny.edu/Page-Elements/Academics-Research-Centers-Initiatives/Doctoral-Programs/Computer-Science/Faculty-Bios/Robert-M-Haralick,HMnF6i0AAAAJ
Robert M. Hierons,University of Sheffield,https://www.sheffield.ac.uk/dcs/people/academic/rob-hierons,Bd0QYCEAAAAJ
Robert M. Kirby,University of Utah,https://www.cs.utah.edu/~kirby,IATz8BMAAAAJ
Robert M. Rioux,Washington State University,https://school.eecs.wsu.edu/people/faculty/robert-rioux,ALxkJQEAAAAJ
Robert Martin Haralick,CUNY,http://www.gc.cuny.edu/Page-Elements/Academics-Research-Centers-Initiatives/Doctoral-Programs/Computer-Science/Faculty-Bios/Robert-M-Haralick,HMnF6i0AAAAJ
Robert McCartney,University of Connecticut,http://www.cse.uconn.edu/people/faculty,UCqaj3gAAAAJ
Robert Mercas,Loughborough University,https://www.lboro.ac.uk/departments/compsci/staff/academic-teaching/robert-mercas,HJ0ZXFIAAAAJ
Robert Merkel,Monash University,http://monash.edu/research/explore/en/persons/robert-merkel(60ae5e11-1b74-4e46-bd00-0194549d414d).html,n8wCPF4AAAAJ
Robert Michael Kirby,University of Utah,https://www.cs.utah.edu/~kirby,IATz8BMAAAAJ
Robert Michael Lewis,College of William and Mary,http://www.wm.edu/as/computerscience/faculty/lewis_rm.php,hdoSFx0AAAAJ
Robert Michael Young,University of Utah,https://faculty.utah.edu/u6006841-ROBERT_MICHAEL_YOUNG/research/index.hml,HLz6zx4AAAAJ
Robert Muller,Boston College,http://www.cs.bc.edu/~muller,NOSCHOLARPAGE
Robert Mullins,University of Cambridge,https://www.cl.cam.ac.uk/~rdm34,zjXO2HMAAAAJ
Robert N. M. Watson,University of Cambridge,https://www.cl.cam.ac.uk/~rnw24,wAO9FfoAAAAJ
Robert Nicholas Maxwell Watson,University of Cambridge,https://www.cl.cam.ac.uk/~rnw24,wAO9FfoAAAAJ
Robert Nowak 0001,University of Wisconsin - Madison,http://nowak.ece.wisc.edu,fn13u8IAAAAJ
Robert P. Burton,Brigham Young University,https://cs.byu.edu/faculty/rpburton,0NKgxEEAAAAJ
Robert P. Dick,University of Michigan,https://ece.engin.umich.edu/personnel/dick-robert,p2I_CecAAAAJ
Robert Pastel,Michigan Technological University,https://www.mtu.edu/cs/department/faculty-staff/faculty/pastel,NOSCHOLARPAGE
Robert Patro,University of Maryland - College Park,https://www.cs.umd.edu/people/nomad,H36hOqEAAAAJ
Robert Platt 0001,Northeastern University,http://www.ccs.neu.edu/home/rplatt,Z4Y5S2oAAAAJ
Robert Platt Jr. 0001,Northeastern University,http://www.ccs.neu.edu/home/rplatt,Z4Y5S2oAAAAJ
Robert Pless,George Washington University,https://www.cs.seas.gwu.edu/robert-pless,uVBjUtAAAAAJ
Robert Powell,Durham University,https://www.dur.ac.uk/computer.science/staff/profile/?id=8278,24NxejMAAAAJ
Robert R. Kessler,University of Utah,https://www.cs.utah.edu/~kessler,j9XJD8QAAAAJ
Robert Rand 0001,University of Chicago,http://rand.cs.uchicago.edu,jYrnZVwAAAAJ
Robert Reed,Vanderbilt University,http://engineering.vanderbilt.edu/bio/robert-reed,oEQcOy8AAAAJ
Robert Rinker,University of Idaho,http://www.uidaho.edu/engr/departments/cs/our-people/faculty/robert-rinker,NOSCHOLARPAGE
Robert Robere,McGill University,https://www.cs.mcgill.ca/~robere,ss6bWnwAAAAJ
Robert Rönngren,KTH Royal Institute of Technology,https://www.kth.se/profile/rron,NOSCHOLARPAGE
Robert S. Balog,Texas A&M at Qatar,http://energy.tamu.edu/faculty-experts/robert-s-balog,ARbJn1UAAAAJ
Robert S. Boyer,University of Texas at Austin,https://www.cs.utexas.edu/users/boyer,Z-49YFYAAAAJ
Robert Sablatnig,TU Wien,https://cvl.tuwien.ac.at/staff/robert-sablatnig,iMlKiaEAAAAJ
Robert Sabourin,ETS Montreal,https://www.etsmtl.ca/Unites-de-recherche/LIVIA,l33dD0wAAAAJ
Robert Seiringer,IST Austria,https://ist.ac.at/research/research-groups/seiringer-group,NOSCHOLARPAGE
Robert Shan,Chinese Academy of Sciences,http://vipl.ict.ac.cn/view_people.php?id=12,Vkzd7MIAAAAJ
Robert Sheehan,University of Auckland,https://www.cs.auckland.ac.nz/people/r-sheehan,h44VIt4AAAAJ
Robert Signorile,Boston College,http://www.cs.bc.edu/~signoril,NOSCHOLARPAGE
Robert Simon,George Mason University,https://cs.gmu.edu/~simon,o-K8emEAAAAJ
Robert Soden,University of Toronto,http://robertsoden.io/,1vePPCkAAAAJ
Robert Soulé,Yale University,https://cpsc.yale.edu/people/robert-soule,di_T0vwAAAAJ
Robert St. Amant,North Carolina State University,http://www4.ncsu.edu/~stamant,5dOPwnoAAAAJ
Robert Stevens 0001,University of Manchester,https://www.research.manchester.ac.uk/portal/robert.stevens.html,P7ACZMQAAAAJ
Robert Strzodka,Heidelberg University,https://www.physik.uni-heidelberg.de/personen/lsf.php?details=25474,NOSCHOLARPAGE
Robert Sámal,Charles University,https://iuuk.mff.cuni.cz/~samal,kSEwBlUAAAAJ
Robert T. Collins,Pennsylvania State University,http://www.cse.psu.edu/~rtc12,2Bc3UN4AAAAJ
Robert T. Loftin,University of Sheffield,https://www.sheffield.ac.uk/cs/people/academic/robert-loftin,ttJ9AWAAAAAJ
Robert Tappan Morris,Massachusetts Institute of Technology,https://pdos.csail.mit.edu/~rtm,NOSCHOLARPAGE
Robert V. Kenyon,University of Illinois at Chicago,https://www.cs.uic.edu/bin/view/Kenyon/WebHome,NOSCHOLARPAGE
Robert W. Doran,University of Auckland,https://www.cs.auckland.ac.nz/~bob,NwTYDFwAAAAJ
Robert W. Harrison,Georgia State University,https://grid.cs.gsu.edu/rharrison,px5AJoYAAAAJ
Robert W. J. Simmonds,University of Cape Town,https://www.researchgate.net/profile/Rob_Simmonds,NOSCHOLARPAGE
Robert W. Lindeman,University of Canterbury,http://www.canterbury.ac.nz/spark/Researcher.aspx?researcherid=4447467,50jH5EUAAAAJ
Robert Weller,Vanderbilt University,http://engineering.vanderbilt.edu/bio/robert-weller,4fj1bHYAAAAJ
Robert West 0001,EPFL,https://people.epfl.ch/robert.west,ZiFn598AAAAJ
Robert Wille,TU Munich,https://www.cda.cit.tum.de/team/wille/,dWkUqVsAAAAJ
Robert William Harper Jr.,Carnegie Mellon University,http://www.cs.cmu.edu/~rwh,hbpHGtQAAAAJ
Robert Xiao,University of British Columbia,https://www.robertxiao.ca,uphhX0QAAAAJ
Robert Zimmer,Goldsmiths University of London,https://www.gold.ac.uk/computing/staff/r-zimmer,NOSCHOLARPAGE
Robert van Engelen,Florida State University,https://www.asee.org/public/conferences/32/papers/9523/view,6qaOBTMAAAAJ
Robert van Liere,CWI,http://homepages.cwi.nl/~robertl,NOSCHOLARPAGE
Roberta Gori,University of Pisa,http://www.di.unipi.it/~gori,NOSCHOLARPAGE
Roberta Sinatra,IT University of Copenhagen,https://www.robertasinatra.com,PL8nGh4AAAAJ
Roberto André Hexsel,UFPR,https://www.inf.ufpr.br/roberto,6SJwDZIAAAAJ
Roberto Baldoni,Sapienza University of Rome,http://www.diag.uniroma1.it/users/roberto%20baldoni,82tR6VoAAAAJ
Roberto Barbuti,University of Pisa,http://pages.di.unipi.it/barbuti,NOSCHOLARPAGE
Roberto Battiti,University of Trento,https://rtm.science.unitn.it/~battiti,fO-wkZkAAAAJ
Roberto Beraldi,Sapienza University of Rome,http://www.diag.uniroma1.it/users/roberto%20beraldi,WaJQ4-wAAAAJ
Roberto Bruni 0001,University of Pisa,http://www.di.unipi.it/~bruni,9foj2J0AAAAJ
Roberto Cabral de Mello Borges,UFRGS,https://www.inf.ufrgs.br/site/docente/roberto-cabral-de-mello-borges,NOSCHOLARPAGE
Roberto Calandra,TU Dresden,https://www.robertocalandra.com/,fA0rYxMAAAAJ
Roberto Capobianco,Sapienza University of Rome,http://robertocapobianco.com,6VJaD6EAAAAJ
Roberto Confalonieri 0001,University of Padova,http://www.inf.unibz.it/~rconfalonieri/,zZPB9jUAAAAJ
Roberto De Prisco,University of Salerno,http://www.di.unisa.it/~robdep,VsTTQSUAAAAJ
Roberto Ferrero,University of Liverpool,https://liverpool.ac.uk/electrical-engineering-and-electronics/staff/roberto-ferrero,NOSCHOLARPAGE
Roberto Giacobazzi,University of Arizona,https://www2.cs.arizona.edu/people/giacobazzi/,8yjJnbgAAAAJ
Roberto Grossi,University of Pisa,http://www.di.unipi.it/~grossi,IisGl48AAAAJ
Roberto Guanciale,KTH Royal Institute of Technology,http://www.csc.kth.se/~robertog,VZUWVp4AAAAJ
Roberto Hirata Jr,USP,http://www.ime.usp.br/~hirata,Z6UgkRkAAAAJ
Roberto Ierusalimschy,PUC-RIO,http://www.inf.puc-rio.br/~roberto,_pZgPlIAAAAJ
Roberto M. Cesar,USP,http://www.ime.usp.br/~cesar,NOSCHOLARPAGE
Roberto M. Cesar Jr.,USP,http://www.ime.usp.br/~cesar,NOSCHOLARPAGE
Roberto M. Negrini,Politecnico di Milano,http://www.deib.polimi.it/eng/people/details/474684,r8hwBOcAAAAJ
Roberto Manduchi,Univ. of California - Santa Cruz,https://users.soe.ucsc.edu/~manduchi,7YDSuZEAAAAJ
Roberto Marcondes Cesar Jr.,USP,http://www.ime.usp.br/~cesar,NOSCHOLARPAGE
Roberto Marcondes Cesar Junior,USP,http://www.ime.usp.br/~cesar,NOSCHOLARPAGE
Roberto Martin Martin,University of Texas at Austin,https://robertomartinmartin.com/,XOJE8OEAAAAJ
Roberto Martín-Martín,University of Texas at Austin,https://robertomartinmartin.com/,XOJE8OEAAAAJ
Roberto Navigli,Sapienza University of Rome,http://wwwusers.di.uniroma1.it/~navigli,BsgVJ-EAAAAJ
Roberto Palmieri,Lehigh University,http://www.cse.lehigh.edu/~palmieri,iipJ5hsAAAAJ
Roberto Passerone,University of Trento,http://disi.unitn.it/~roby,ziBaxi0AAAAJ
Roberto Perdisci,University of Georgia,http://roberto.perdisci.com,M_soLLcAAAAJ
Roberto Pereira,UFPR,https://web.inf.ufpr.br/rpereira,rZ52C8YAAAAJ
Roberto S. M. Barros,UFPE,http://www.cin.ufpe.br/~roberto,OnmLz-AAAAAJ
Roberto S. M. de Barros,UFPE,https://www.cin.ufpe.br/~roberto,OnmLz-AAAAAJ
Roberto Sebastiani,University of Trento,http://disi.unitn.it/rseba,qmnmdYsAAAAJ
Roberto Solis-Oba,Western University,http://www.csd.uwo.ca/faculty/solis,NOSCHOLARPAGE
Roberto Souto Maior de Barros,UFPE,http://www.cin.ufpe.br/~roberto,OnmLz-AAAAAJ
Roberto Tagliaferri,University of Salerno,http://www.unisa.it/docenti/robertotagliaferri/en/index,lwgZxjIAAAAJ
Roberto Tamassia,Brown University,http://cs.brown.edu/~rt,eEYPTKUAAAAJ
Roberto V. Zicari,Goethe University Frankfurt,http://www.bigdata.uni-frankfurt.de/people,NOSCHOLARPAGE
Roberto Yus,Univ. of Maryland - Baltimore County,https://robertoyus.com/,x8h02QMAAAAJ
Robi Malik,University of Waikato,http://www.cs.waikato.ac.nz/~robi,ZPixU7kAAAAJ
Robin Adams,Chalmers/GU,https://www.chalmers.se/en/staff/Pages/robinad.aspx,JzC9b1cAAAAJ
Robin Bing-Yu Chen 0004,National Taiwan University,http://graphics.im.ntu.edu.tw/~robin,8UC5dY4AAAAJ
Robin Bloomfield,City University of London,https://www.city.ac.uk/people/academics/robin-bloomfield,lV0tme4AAAAJ
Robin Burke,University of Colorado Boulder,http://www.that-recsys-lab.net/home/people/burke,wRwI6d0AAAAJ
Robin C. Laney,Open University UK,http://stem.open.ac.uk/people/rcl46,10qds5IAAAAJ
Robin Cockett,University of Calgary,http://www.cpsc.ucalgary.ca/~robin,NOSCHOLARPAGE
Robin Cohen,University of Waterloo,https://cs.uwaterloo.ca/~rcohen,7OnAKPIAAAAJ
Robin D. Burke,University of Colorado Boulder,http://www.that-recsys-lab.net/home/people/burke,wRwI6d0AAAAJ
Robin D. Dowell,University of Colorado Boulder,http://dowell.colorado.edu,yVPoRI4AAAAJ
Robin Dykstra,Victoria University of Wellington,http://ecs.victoria.ac.nz/Main/RobinDykstra,NOSCHOLARPAGE
Robin E. Bloomfield,City University of London,https://www.city.ac.uk/people/academics/robin-bloomfield,lV0tme4AAAAJ
Robin Gras,University of Windsor,http://www.uwindsor.ca/science/computerscience/1048/dr-robin-gras,98LyA1oAAAAJ
Robin Hillary Kravets,Univ. of Illinois at Urbana-Champaign,https://cs.illinois.edu/directory/profile/rhk,dACRUjgAAAAJ
Robin Hirsch,University College London,http://www.cs.ucl.ac.uk/staff/robin_hirsch,NOSCHOLARPAGE
Robin Jia,University of Southern California,https://robinjia.github.io,ajZ-_O0AAAAJ
Robin Kravets,Univ. of Illinois at Urbana-Champaign,https://cs.illinois.edu/directory/profile/rhk,dACRUjgAAAAJ
Robin R. Murphy,Texas A&M University,http://faculty.cs.tamu.edu/murphy,SIcRijoAAAAJ
Robin Roberson Murphy,Texas A&M University,http://faculty.cs.tamu.edu/murphy,SIcRijoAAAAJ
Robin Strand,Uppsala University,http://user.it.uu.se/~rostr275/index.html,uyklfiYAAAAJ
Robin W. Dawes,Queen’s University,http://www.cs.queensu.ca/home/dawes,NOSCHOLARPAGE
Robin Walters 0001,Northeastern University,https://www.khoury.northeastern.edu/people/robin-walters/,fnprJmUAAAAJ
Robin Welsch,Aalto University,https://www.aalto.fi/en/people/robin-welsch,EYAMLKYAAAAJ
Robson E. De Grande,Brock University,http://www.cosc.brocku.ca/~rdegrande/,L7cdSB0AAAAJ
Robson Eduardo De Grande,Brock University,http://www.cosc.brocku.ca/~rdegrande/,L7cdSB0AAAAJ
Robson N. Fidalgo,UFPE,https://www.cin.ufpe.br/~rdnf,0-wmNIMAAAAJ
Robson do Nascimento Fidalgo,UFPE,https://www.cin.ufpe.br/~rdnf,0-wmNIMAAAAJ
Robyn R. Lutz,Iowa State University,http://www.cs.iastate.edu/~rlutz,sdVfpyQAAAAJ
Rocco A. Servedio,Columbia University,http://www.cs.columbia.edu/~rocco,vZrIrN4AAAAJ
Rocco Oliveto,University of Molise,https://dibt.unimol.it/staff/oliveto,8sCivdQAAAAJ
Roch Guérin,Washington University in St. Louis,http://www.cse.wustl.edu/~guerin,54w2_AcAAAAJ
Rocky Slavin,University of Texas at San Antonio,http://galadriel.cs.utsa.edu/~rslavin,Y4c96KkAAAAJ
Roded Sharan,Tel Aviv University,http://www.cs.tau.ac.il/~roded,64G5UgMAAAAJ
Roderic A. Grupen,University of Massachusetts Amherst,https://www.cics.umass.edu/faculty/directory/grupen_roderic,NOSCHOLARPAGE
Roderich Gross,TU Darmstadt,https://www.informatik.tu-darmstadt.de/fb20/organisation_fb20/professuren_und_gruppenleitungen/index.en.jsp,s-Unqd8AAAAJ
Roderich Groß,TU Darmstadt,https://www.informatik.tu-darmstadt.de/fb20/organisation_fb20/professuren_und_gruppenleitungen/index.en.jsp,s-Unqd8AAAAJ
Roderick Bloem,Graz University of Technology,https://www.iaik.tugraz.at/content/about_iaik/people/bloem_roderick,Sv1AfEYAAAAJ
Roderick Murray-Smith,University of Glasgow,http://www.dcs.gla.ac.uk/~rod,laX7LzQAAAAJ
Roderick Paul Bloem,Graz University of Technology,https://www.iaik.tugraz.at/content/about_iaik/people/bloem_roderick,Sv1AfEYAAAAJ
Rodger Kibble,Goldsmiths University of London,https://www.gold.ac.uk/computing/staff/r-kibble,NOSCHOLARPAGE
Rodion M. Podorozhny,Texas State University,http://www.cs.txstate.edu/~rp31,NOSCHOLARPAGE
Rodney D. Nielsen,University of North Texas,http://www.cse.unt.edu/~nielsen,6GN3BG8AAAAJ
Rodney Nielsen,University of North Texas,http://www.cse.unt.edu/~nielsen,NOSCHOLARPAGE
Rodolfo Azevedo,UNICAMP,http://www.ic.unicamp.br/~rodolfo,yjK-jq0AAAAJ
Rodolfo F. Resende,UFMG,http://homepages.dcc.ufmg.br/~rodolfo,JuyaieQAAAAJ
Rodolfo Ferreira Resende,UFMG,http://homepages.dcc.ufmg.br/~rodolfo,JuyaieQAAAAJ
Rodolfo Jardim de Azevedo,UNICAMP,http://www.ic.unicamp.br/~rodolfo,yjK-jq0AAAAJ
Rodrigo Bonifácio,Universidade de Brasília,http://wp.rbonifacio.net,YegiOugAAAAJ
Rodrigo C. Barros,PUC-RS,http://www.pucrs.br/facin/programa-de-pos-graduacao-em-ciencia-da-computacao/corpo-docente,2vo62sIAAAAJ
Rodrigo Cardoso,Universidad de los Andes,https://profesores.virtual.uniandes.edu.co/rcardoso/es/inicio,NOSCHOLARPAGE
Rodrigo Castro,University of Buenos Aires,http://www.dc.uba.ar/People/rcastro,RyiXX3YAAAAJ
Rodrigo Coelho Barros,PUC-RS,http://www.pucrs.br/facin/programa-de-pos-graduacao-em-ciencia-da-computacao/corpo-docente,2vo62sIAAAAJ
Rodrigo D. Castro,University of Buenos Aires,http://www.dc.uba.ar/People/rcastro,RyiXX3YAAAAJ
Rodrigo Fernandes de Mello,USP-ICMC,http://conteudo.icmc.usp.br/pessoas/mello,DYjyZjgAAAAJ
Rodrigo M. M. Ventura,Universidade de Lisboa,http://users.isr.ist.utl.pt/~yoda/homepage,sftSuj8AAAAJ
Rodrigo Machado,UFRGS,https://www.inf.ufrgs.br/site/docente/rodrigo-machado,NOSCHOLARPAGE
Rodrigo N. Calheiros,Western Sydney University,https://www.westernsydney.edu.au/staff_profiles/WSU/associate_professor_rodrigo_neves_calheiros,Fj8MuyEAAAAJ
Rodrigo O. Spinola,Virginia Commonwealth University,https://egr.vcu.edu/directory/rodrigo.spinola,M-9bZggAAAAJ
Rodrigo Rodrigues 0001,Universidade de Lisboa,http://www.gsd.inesc-id.pt/~rodrigo,mxdX7FYAAAAJ
Rodrigo Sanches Miani,UFU,http://www.facom.ufu.br/~miani,nQF_Pk8AAAAJ
Rodrigo Seromenho Miragaia Rodrigues,Universidade de Lisboa,http://www.gsd.inesc-id.pt/~rodrigo,mxdX7FYAAAAJ
Rodrigo Toro Icarte,Pontificia Universidad Catolica de Chile,https://www.ing.uc.cl/academicos-e-investigadores/rodrigo-andres-toro-icarte/,W9DykFMAAAAJ
Rodrigo Ventura 0001,Universidade de Lisboa,http://users.isr.ist.utl.pt/~yoda/homepage,sftSuj8AAAAJ
Rodrigo Zelir Azzolin,Federal University of Rio Grande,http://www.rodrigo.c3.furg.br,AaqPK4AAAAAJ
Rodrygo L. T. Santos,UFMG,http://homepages.dcc.ufmg.br/~rodrygo,NAyozE0AAAAJ
Roei Tell,University of Toronto,https://sites.google.com/site/roeitell/,DvRAeQcAAAAJ
Roel C. de Vrijer,VU Amsterdam,http://www.cs.vu.nl/~rdv,NOSCHOLARPAGE
Roel Vertegaal,Queen’s University,http://www.hml.queensu.ca/people/roelvertegaal,H04FDWQAAAAJ
Roeland C. H. J. van Ham,TU Delft,https://www.tudelft.nl/ewi/over-de-faculteit/afdelingen/intelligent-systems/pattern-recognition-bioinformatics/the-delft-bioinformatics-lab/people/roeland-van-ham,2bJ-DgsAAAAJ
Roeland M. H. Merks,CWI,https://www.cwi.nl/people/2230,rLcMoaUAAAAJ
Roeland Merks,CWI,https://www.cwi.nl/people/2230,rLcMoaUAAAAJ
Rogelio Cardona-Rivera,University of Utah,http://rogel.io,04bZH_kAAAAJ
Rogelio E. Cardona-Rivera,University of Utah,http://rogel.io,04bZH_kAAAAJ
Rogelio Enrique Cardona-Rivera,University of Utah,http://rogel.io,04bZH_kAAAAJ
Roger A. Crawfis,Ohio State University,http://web.cse.ohio-state.edu/~crawfis,Id792TsAAAAJ
Roger Azevedo,University of Central Florida,https://www.ist.ucf.edu/People/Roger-Azevedo,gAFP2yQAAAAJ
Roger B. Dannenberg,Carnegie Mellon University,https://www.cs.cmu.edu/~rbd,whacJzwAAAAJ
Roger B. Grosse,University of Toronto,https://www.cs.toronto.edu/~rgrosse,xgQd1qgAAAAJ
Roger Baker Grosse,University of Toronto,https://www.cs.toronto.edu/~rgrosse,xgQd1qgAAAAJ
Roger Crawfis,Ohio State University,http://web.cse.ohio-state.edu/~crawfis,Id792TsAAAAJ
Roger D. Chamberlain,Washington University in St. Louis,http://www.ccrc.wustl.edu/~roger,fAw_t5EAAAAJ
Roger Dean Chamberlain,Washington University in St. Louis,http://www.ccrc.wustl.edu/~roger,fAw_t5EAAAAJ
Roger Espasa,Polytechnic University of Catalonia,http://engineering.academickeys.com/browse_whoswho_by_institution/Polytechnic_University_of_Catalonia?&start=104,NOSCHOLARPAGE
Roger F. Woods,Queen's University Belfast,https://www.qub.ac.uk/schools/eeecs/Connect/Staff/BusinessCard/?name=r.woods,KXIxFesAAAAJ
Roger Grosse,University of Toronto,https://www.cs.toronto.edu/~rgrosse,xgQd1qgAAAAJ
Roger Johansson,Chalmers/GU,https://www.chalmers.se/en/staff/Pages/Roger-Johansson.aspx,8uyxqCQAAAAJ
Roger K. Moore,University of Sheffield,https://www.sheffield.ac.uk/dcs/people/academic/roger-moore,Ib1I-uAAAAAJ
Roger L. Wainwright,University of Tulsa,http://personal.utulsa.edu/~rogerw,NOSCHOLARPAGE
Roger Luis Uy,De La Salle University,https://www.dlsu.edu.ph/colleges/ccs/faculty-profile/single/?id=32742701038&command=GETPROFILE,4l3OqhwAAAAJ
Roger M. Whitaker,Cardiff University,https://www.cardiff.ac.uk/people/view/118176-whitaker-roger,NOSCHOLARPAGE
Roger Mailler,University of Tulsa,https://faculty.utulsa.edu/~/roger-mailler,No-tOxoAAAAJ
Roger N'Kambou,Université du Québec à Montréal,http://gdac.uqam.ca/nkambou/,qBEFCVAAAAAJ
Roger Nkambou,Université du Québec à Montréal,http://gdac.uqam.ca/nkambou/,qBEFCVAAAAAJ
Roger T. Hartley,New Mexico State University,http://www.cs.nmsu.edu/~rth/publications/Publications.html,XpI0EjcAAAAJ
Roger Villemaire,Université du Québec à Montréal,https://professeurs.uqam.ca/professeur/villemaire.roger/,RuCQLRwAAAAJ
Roger Wattenhofer,ETH Zurich,https://disco.ethz.ch,EG3VPm4AAAAJ
Roger Zimmermann,National University of Singapore,https://www.comp.nus.edu.sg/~rogerz/roger.html,IDREwXEAAAAJ
Rogers Mathew,IIT Hyderabad,https://iith.ac.in/~rogers,-euQnQYAAAAJ
Roghayeh Barmaki,University of Delaware,https://www.cis.udel.edu/people/faculty-profile/?id=263,vS0MhokAAAAJ
Rogério de Lemos,University of Kent,https://www.cs.kent.ac.uk/people/staff/rdl,gq9hIiAAAAAJ
Rohan Chandra,University of Virginia,https://engineering.virginia.edu/faculty/rohan-chandra,uOIgTt8AAAAJ
Rohan Padhye,Carnegie Mellon University,https://rohan.padhye.org,XI03UxYAAAAJ
Rohini K. Srihari,University at Buffalo,http://www.cse.buffalo.edu/people/?u=rohini,Uttu9kkAAAAJ
Rohit Babbar,Aalto University,https://research.aalto.fi/en/persons/rohit-babbar,QsqvuGsAAAAJ
Rohit Chadha,University of Missouri,https://engineering.missouri.edu/faculty/rohit-chadha,NC5SnUcAAAAJ
Rohit Parikh,CUNY,http://www.sci.brooklyn.cuny.edu/cis/parikh,UrXap5MAAAAJ
Roi Livni,Tel Aviv University,https://www.tau.ac.il/~rlivni,xhU85M4AAAAJ
Roi Reichart,Technion,https://ie.technion.ac.il/~roiri,xXJIsh4AAAAJ
Roi Weiss,Ariel University,https://pniot.ariel.ac.il/Projects/trp/GeneralInformation.asp?numRec=727&id_lang=1,w3ieXocAAAAJ
Roi Yozevitch,Ariel University,https://cris.ariel.ac.il/en/persons/roi-yozevitch,VrAH3pIAAAAJ
Roie Levin,Rutgers University,https://roielevin.com/,RxbhQBcAAAAJ
Roie Zivan,Ben-Gurion University of the Negev,http://www.bgu.ac.il/~zivanr,NOSCHOLARPAGE
Roland Carl Backhouse,University of Nottingham,https://www.nottingham.ac.uk/computerscience/people/roland.backhouse,tksgOiYAAAAJ
Roland H. C. Yap,National University of Singapore,https://www.comp.nus.edu.sg/~ryap,NOSCHOLARPAGE
Roland Kwitt,University of Salzburg,https://rkwitt.github.io,sfGFi6UAAAAJ
Roland Meyer 0001,TU Braunschweig,https://www.tcs.cs.tu-bs.de/group/meyer,zRo3ZJ4AAAAJ
Roland N. Bol,Uppsala University,http://user.it.uu.se/~rolandb,NOSCHOLARPAGE
Roland T. Chin,HKUST,https://www.cse.ust.hk/~roland,NOSCHOLARPAGE
Roland Wismüller,University of Siegen,https://www.bs.informatik.uni-siegen.de/mitarbeiter/wismueller/index_html,NOSCHOLARPAGE
Rolando Estrada,Georgia State University,https://grid.cs.gsu.edu/~restrada1,chojFxIAAAAJ
Rolf Backofen,University of Freiburg,http://www.bioinf.uni-freiburg.de/~backofen,ZCTrqQkAAAAJ
Rolf Drechsler,University of Bremen,http://www.informatik.uni-bremen.de/agra/eng/team.php,9v_MAAIAAAAJ
Rolf H. Krause,Università della Svizzera italiana,http://search.usi.ch/people/385ec98e41e4068a2f61ba6cdbf33c9d/Krause-Rolf,NOSCHOLARPAGE
Rolf Hennicker,LMU Munich,https://www.sosy-lab.org/people/hennicker,NOSCHOLARPAGE
Rolf Kraemer,Brandenburg University of Technology,https://www.b-tu.de/fg-systeme/team/professor,-rT-Qp0AAAAJ
Rolf Krause,Università della Svizzera italiana,http://search.usi.ch/people/385ec98e41e4068a2f61ba6cdbf33c9d/Krause-Rolf,NOSCHOLARPAGE
Rolf Niedermeier,TU Berlin,https://www.akt.tu-berlin.de/index.php?id=110570,NC3NEUkAAAAJ
Rolf Snedsböl,Chalmers/GU,https://www.chalmers.se/en/staff/Pages/rolf.aspx,NOSCHOLARPAGE
Rolf Stadler,KTH Royal Institute of Technology,https://www.kth.se/profile/stadler,y7lELJMAAAAJ
Rolf Wanka,University of Erlangen–Nuremberg,https://www12.informatik.uni-erlangen.de/people/rwanka,GU_nblQAAAAJ
Rolf-Rainer Grigat,Hamburg University of Technology,https://www.tuhh.de/bvs/institut/home.html,NOSCHOLARPAGE
Roma Maguire,University of Strathclyde,https://pureportal.strath.ac.uk/en/persons/roma-maguire/publications,NOSCHOLARPAGE
Romain Lopez,New York University,https://romain-lopez.github.io,0AtmeCYAAAAJ
Romain Rouvoy,CRIStAL,http://romain.rouvoy.fr,U3217h0AAAAJ
Roman Barták,Charles University,https://ktiml.mff.cuni.cz/~bartak,NOSCHOLARPAGE
Roman Bauer,University of Surrey,https://www.surrey.ac.uk/people/roman-bauer,VCrrvZcAAAAJ
Roman Beck,IT University of Copenhagen,https://pure.itu.dk/portal/en/persons/roman-beck(d72cc0d6-fe4f-4392-bf88-243e5d7e36e5).html,ZbDAIXUAAAAJ
Roman Belavkin,Middlesex University,http://www.eis.mdx.ac.uk/staffpages/rvb,EYJhJ1oAAAAJ
Roman Dumitrescu,Paderborn University,http://www.hni.uni-paderborn.de/ase,KS0eiXYAAAAJ
Roman Garnett,Washington University in St. Louis,http://www.cse.wustl.edu/~garnett,CUkAtC4AAAAJ
Roman Kern,Graz University of Technology,http://kti.tugraz.at/staff/rkern/about,5R14JLcAAAAJ
Roman Klinger,University of Bamberg,https://www.uni-bamberg.de/en/nlproc/team/prof-dr-roman-klinger/,1flvefwAAAAJ
Roman Kontchakov,Birkbeck University of London,https://www.dcs.bbk.ac.uk/about/people/academic-staff/roman,i9GOeLUAAAAJ
Roman Obermaisser,University of Siegen,https://networked-embedded.de/es/index.php/staff.html,py_vtrcAAAAJ
Roman V. Belavkin,Middlesex University,http://www.eis.mdx.ac.uk/staffpages/rvb,EYJhJ1oAAAAJ
Roman V. Yampolskiy,University of Louisville,http://cecs.louisville.edu/ry,0_Rq68cAAAAJ
Roman Yampolskiy,University of Louisville,http://cecs.louisville.edu/ry,0_Rq68cAAAAJ
Romi Banerjee,IIT Jodhpur,https://sites.google.com/site/romibitsnbob/home,BiSvmeMAAAAJ
Romina Spalazzese,Malmö University,https://www.rominaspalazzese.com/,gXtk7Y0AAAAJ
Romit Roy Choudhury,Univ. of Illinois at Urbana-Champaign,http://croy.web.engr.illinois.edu,dq2wG-AAAAAJ
Ron Alterovitz,University of North Carolina,https://www.cs.unc.edu/~ron,NOSCHOLARPAGE
Ron Baecker,University of Toronto,http://ron.taglab.ca,NOSCHOLARPAGE
Ron Brachman,Cornell University,http://brachman.org,NOSCHOLARPAGE
Ron Brachman [Tech],Cornell University,http://brachman.org,NOSCHOLARPAGE
Ron Chrisley,University of Sussex,http://www.sussex.ac.uk/informatics/people/peoplelists/person/476,9Cy00wEAAAAJ
Ron Cytron,Washington University in St. Louis,http://www.cs.wustl.edu/~cytron,NOSCHOLARPAGE
Ron Day,Indiana University,https://info.sice.indiana.edu/~roday,hJsSfQkAAAAJ
Ron Eglash,Rensselaer Polytechnic Institute,http://www.rpi.edu/~eglash/eglash.htm,gNUtbNUAAAAJ
Ron Fedkiw,Stanford University,http://cs.stanford.edu/~fedkiw,OoItXTkAAAAJ
Ron G. van Schyndel,RMIT University,https://www.rmit.edu.au/contact/staff-contacts/academic-staff/v/van-schyndel-dr-ron,Ahvs0CsAAAAJ
Ron Goldman 0002,Rice University,https://www.cs.rice.edu/~rng,6Vv8ZGAAAAAJ
Ron Graham,Univ. of California - San Diego,https://cseweb.ucsd.edu/~rgraham,qrPaF3QAAAAJ
Ron Graham 0001,Univ. of California - San Diego,https://cseweb.ucsd.edu/~rgraham,qrPaF3QAAAAJ
Ron K. Cytron,Washington University in St. Louis,http://www.cs.wustl.edu/~cytron,NOSCHOLARPAGE
Ron Kikinis,University of Bremen,http://www.mic.uni-bremen.de/cmt-management-team/ron-kikinis,n01L0mEAAAAJ
Ron Kimmel,Technion,http://www.cs.technion.ac.il/~ron,yV7LaW8AAAAJ
Ron Lavi,Technion,http://ronlavi.net.technion.ac.il,r8NO774AAAAJ
Ron Levie,Technion,https://sites.google.com/view/ronlevie/home,5M94lRgAAAAJ
Ron M. Roth,Technion,http://ronny.cswp.cs.technion.ac.il,NOSCHOLARPAGE
Ron Meir,Technion,https://ronmeir.net.technion.ac.il,r3NAa9oAAAAJ
Ron Metoyer,University of Notre Dame,https://engineering.nd.edu/profiles/rmetoyer,GgKnNwEAAAAJ
Ron O. Dror,Stanford University,http://cs.stanford.edu/people/rondror,GTmdNU0AAAAJ
Ron Poet,University of Glasgow,http://www.dcs.gla.ac.uk/~ron,NOSCHOLARPAGE
Ron Rivest,Massachusetts Institute of Technology,http://people.csail.mit.edu/rivest,6qE0tdAAAAAJ
Ron Rothblum,Technion,https://csaws.cs.technion.ac.il/~rothblum/,8_Pony0AAAAJ
Ron Shamir,Tel Aviv University,http://www.cs.tau.ac.il/~rshamir,ri4rEPMAAAAJ
Ron Steinfeld,Monash University,http://users.monash.edu.au/~rste,Xv7eWKcAAAAJ
Ron Weiss,Massachusetts Institute of Technology,https://be.mit.edu/directory/ron-weiss,_VhMIOIAAAAJ
Ron Y. Pinter,Technion,http://www.cs.technion.ac.il/~pinter,JaMJZ6EAAAAJ
Ron van der Meyden,UNSW,http://www.cse.unsw.edu.au/~meyden,gIO3pCgAAAAJ
Ronak Etemadpour,CUNY,https://www.ccny.cuny.edu/profiles/ronak-etemadpour,KMaxQlkAAAAJ
Ronald (Ron) M. Baecker,University of Toronto,http://ron.taglab.ca,NOSCHOLARPAGE
Ronald A. Metoyer,University of Notre Dame,https://engineering.nd.edu/profiles/rmetoyer,GgKnNwEAAAAJ
Ronald A. Rensink,University of British Columbia,https://www.cs.ubc.ca/~rensink,s_5xXxQXpU0C
Ronald Baecker,University of Toronto,http://ron.taglab.ca,NOSCHOLARPAGE
Ronald Beaubrun,Université Laval,https://monarc.ift.ulaval.ca,NOSCHOLARPAGE
Ronald Cools,KU Leuven,https://people.cs.kuleuven.be/~ronald.cools,DcaHlZMAAAAJ
Ronald Cramer,CWI,http://homepages.cwi.nl/~cramer,Hxj1rlgAAAAJ
Ronald D. Dutton,University of Central Florida,http://www.cs.ucf.edu/~dutton,NOSCHOLARPAGE
Ronald D. Schrimpf,Vanderbilt University,http://www.vuse.vanderbilt.edu/~schrimpf,n7Z3EDsAAAAJ
Ronald Day,Indiana University,https://info.sice.indiana.edu/~roday,hJsSfQkAAAAJ
Ronald Dreslinski Jr.,University of Michigan,https://web.eecs.umich.edu/~rdreslin,4O-rMYEAAAAJ
Ronald E. Day,Indiana University,https://info.sice.indiana.edu/~roday,hJsSfQkAAAAJ
Ronald E. Parr,Duke University,https://users.cs.duke.edu/~parr,b-GJ3QIAAAAJ
Ronald F. DeMara,University of Central Florida,http://cal.ucf.edu,jZpJNhoAAAAJ
Ronald Fedkiw,Stanford University,http://cs.stanford.edu/~fedkiw,OoItXTkAAAAJ
Ronald Freund,TU Berlin,https://www.eecs.tu-berlin.de/menue/einrichtungen/professuren/professorinnen/freund,aMbbTOEAAAAJ
Ronald G. Dreslinski,University of Michigan,https://web.eecs.umich.edu/~rdreslin,4O-rMYEAAAAJ
Ronald Garcia,University of British Columbia,http://www.cs.ubc.ca/~rxg,QqnkA2IAAAAJ
Ronald J. Brachman,Cornell University,http://brachman.org,NOSCHOLARPAGE
Ronald L. Chrisley,University of Sussex,http://www.sussex.ac.uk/informatics/people/peoplelists/person/476,9Cy00wEAAAAJ
Ronald L. Graham,Univ. of California - San Diego,https://cseweb.ucsd.edu/~rgraham,qrPaF3QAAAAJ
Ronald L. Rivest,Massachusetts Institute of Technology,http://people.csail.mit.edu/rivest,6qE0tdAAAAAJ
Ronald L. Westra,Maastricht University,https://dke.maastrichtuniversity.nl/ronald.westra,aL1iCW4AAAAJ
Ronald Lewis Graham,Univ. of California - San Diego,https://cseweb.ucsd.edu/~rgraham,qrPaF3QAAAAJ
Ronald Lyndon While,University of Western Australia,http://uwa.edu.au/people/lyndon.while,NOSCHOLARPAGE
Ronald M. Baecker,University of Toronto,http://ron.taglab.ca,NOSCHOLARPAGE
Ronald Martin,Augusta University,https://www.augusta.edu/faculty/directory/view.php?id=RMARTI16,NOSCHOLARPAGE
Ronald N. Goldman,Rice University,https://www.cs.rice.edu/~rng,6Vv8ZGAAAAAJ
Ronald P. A. Petrick,Heriot-Watt University,https://www.hw.ac.uk/staff/uk/macs/ron-petrick.htm,xbfb8YgAAAAJ
Ronald Parr,Duke University,https://users.cs.duke.edu/~parr,b-GJ3QIAAAAJ
Ronald Rosenfeld,Carnegie Mellon University,http://www.cs.cmu.edu/~roni,vrbjXlMAAAAJ
Ronald S. Fearing,Univ. of California - Berkeley,https://robotics.eecs.berkeley.edu/~ronf,mx9gMZ4AAAAJ
Ronald Vullo,Rochester Institute of Technology,http://ist.rit.edu/~rpv,NOSCHOLARPAGE
Ronald de Haan,University of Amsterdam,https://staff.science.uva.nl/r.dehaan,r_PMdJEAAAAJ
Ronald de Wolf,CWI,http://homepages.cwi.nl/~rdewolf,0tUCIPwAAAAJ
Ronaldo A. Ferreira,UFMS,https://www.facom.ufms.br/~raf,WlY9jd8AAAAJ
Ronaldo Alves Ferreira,UFMS,https://www.facom.ufms.br/~raf,WlY9jd8AAAAJ
Ronaldo Fumio Hashimoto,USP,http://www.ime.usp.br/~ronaldo,SBu22bUAAAAJ
Ronaldo Menezes,Florida Institute of Technology,https://cs.fit.edu/~rmenezes/Home.html,eHej2g8AAAAJ
Ronen Basri,Weizmann Institute of Science,https://www.weizmann.ac.il/pages/search/people?language=english&single=1&person_id=12111,d6vuvHIAAAAJ
Ronen I. Brafman,Ben-Gurion University of the Negev,https://www.cs.bgu.ac.il/~brafman,FRxsXjcAAAAJ
Ronen Shaltiel,University of Haifa,https://cs.haifa.ac.il/~ronen,P_q1TRgAAAAJ
Rong Chen 0001,Shanghai Jiao Tong University,http://ipads.se.sjtu.edu.cn/~rchen,kcGU8aoAAAAJ
Rong Ge 0001,Duke University,https://users.cs.duke.edu/~rongge,MVxcjEoAAAAJ
Rong Ge 0002,Clemson University,https://people.cs.clemson.edu/~rge,TWALAzsAAAAJ
Rong Peng,Wuhan University,https://cs.whu.edu.cn/info/1019/2951.htm,NOSCHOLARPAGE
Rong Qu,University of Nottingham,https://www.nottingham.ac.uk/computerscience/people/rong.qu,DubfkQ8AAAAJ
Rong Xie,Wuhan University,https://cs.whu.edu.cn/info/1019/2883.htm,NOSCHOLARPAGE
Rong Zheng 0001,McMaster University,http://www.cas.mcmaster.ca/~rzheng,hO6xhakAAAAJ
Rong-Jaye Chen,National Chiao Tung University,http://www.cs.nctu.edu.tw/~rjchen,NOSCHOLARPAGE
Rongfang Wang,Xidian University,https://web.xidian.edu.cn/rfwang/,OSTHVJYAAAAJ
Ronghua Shang,Xidian University,https://web.xidian.edu.cn/rhshang/,SYcWIJEAAAAJ
Ronghua Shi,Central South University,https://faculty.csu.edu.cn/shironghua/zh_CN/index.htm,NOSCHOLARPAGE
Ronghui Gu,Columbia University,https://www.cs.columbia.edu/~rgu,5WLG7j8AAAAJ
Rongqing Hui,University of Kansas,http://www.ittc.ku.edu/~hui,c273BNoAAAAJ
Rongrong Ji,Xiamen University,https://mac.xmu.edu.cn/rrji/,lRSD7PQAAAAJ
Rongxin Wu,Xiamen University,https://wurongxin1987.github.io/wurongxin.xmu.edu.cn/,xdxTt38AAAAJ
Rongxing Lu,University of New Brunswick,http://www.cs.unb.ca/~rlu1,DeBXK0UAAAAJ
Roni Khardon,Indiana University,http://homes.sice.indiana.edu/rkhardon,ymCi4oEAAAAJ
Roni Rosenfeld,Carnegie Mellon University,http://www.cs.cmu.edu/~roni,vrbjXlMAAAAJ
Roni Sengupta,University of North Carolina,https://cs.unc.edu/person/roni-sengupta/,Id8SJl8AAAAJ
Roni Stern,Ben-Gurion University of the Negev,http://www.bgu.ac.il/~sternron,vQG9AkQAAAAJ
Roni Tzvi Stern,Ben-Gurion University of the Negev,http://www.bgu.ac.il/~sternron,vQG9AkQAAAAJ
Ronitt Rubinfeld,Massachusetts Institute of Technology,http://people.csail.mit.edu/ronitt,pZhZndYAAAAJ
Ronny Meir,Technion,https://ronmeir.net.technion.ac.il,r3NAa9oAAAAJ
Roopa Vishwanathan,New Mexico State University,https://www.cs.nmsu.edu/~roopa,o6jDwowAAAAJ
Roope Raisamo,Tampere University,https://www.tuni.fi/en/roope-raisamo,KJr447YAAAAJ
Roozbeh Jafari,Texas A&M University,http://jafari.tamu.edu/rjafari,ZKg1UKwAAAAJ
Roque Marín,University of Murcia,http://perseo.inf.um.es/~roque,1UhXRsUAAAAJ
Roque Meseguer Pallares,Polytechnic University of Catalonia,https://www.ac.upc.edu/en/content/meseguer,NOSCHOLARPAGE
Rory A. Lewis,UCCS,https://www.rorylewis.com,MclvcTIAAAAJ
Rory C. Flemmer,Massey University,https://www.massey.ac.nz/massey/learning/colleges/college-of-sciences/staff-profile.cfm?stref=240930,NOSCHOLARPAGE
Rosa I. Arriaga,Georgia Institute of Technology,https://sites.google.com/view/riarriaga/home,TaR3dq4AAAAJ
Rosa M. M. Leão,UFRJ,http://www.cos.ufrj.br/index.php/pt-BR/pessoas/details/18/1050-rosa,l1BE1DAAAAAJ
Rosa Maria Meri Leão,UFRJ,http://www.cos.ufrj.br/index.php/pt-BR/pessoas/details/18/1050-rosa,l1BE1DAAAAAJ
Rosa Maria Vicari,UFRGS,http://inf.ufrgs.br/~rosa,XsX10SQAAAAJ
Rosa Maria Viccari,UFRGS,http://inf.ufrgs.br/~rosa,XsX10SQAAAAJ
Rosa Vicari,UFRGS,http://inf.ufrgs.br/~rosa,XsX10SQAAAAJ
Rosalba Zizza,University of Salerno,http://www.di.unisa.it/professori/zizza,NOSCHOLARPAGE
Rosalee Wolfe,DePaul University,http://www.cdm.depaul.edu/about/Pages/People/facultyinfo.aspx?fid=946,S-RYbV0AAAAJ
Rosana T. V. Braga,USP-ICMC,http://conteudo.icmc.usp.br/pessoas/rtvb,hib1SKYAAAAJ
Rosana T. Vaccare Braga,USP-ICMC,http://conteudo.icmc.usp.br/pessoas/rtvb,hib1SKYAAAAJ
Rosana Teresinha Vaccare Braga,USP-ICMC,http://conteudo.icmc.usp.br/pessoas/rtvb,hib1SKYAAAAJ
Rosane Minghim,USP-ICMC,http://www.lcad.icmc.usp.br/~rosane,TodwpSwAAAAJ
Rosanna Bellini,New York University,https://www.rosiebellini.com,Q_xsCXcAAAAJ
Rosario Gennaro,CUNY,http://www-cs.ccny.cuny.edu/~rosario,YAZHNDUAAAAJ
Rosario Giustolisi,IT University of Copenhagen,https://pure.itu.dk/portal/en/persons/rosario-giustolisi(62db65c9-470c-472f-b039-6c4a704ef170).html,NOSCHOLARPAGE
Rose McCarty,Georgia Institute of Technology,https://mccarty.math.gatech.edu,aHC-gvcAAAAJ
Rose Yu,Univ. of California - San Diego,http://roseyu.com,4HTITaMAAAAJ
Roseli A. F. Romero,USP-ICMC,http://conteudo.icmc.usp.br/pessoas/rafrance,pdtTa-8AAAAJ
Roseli A. Francelin Romero,USP-ICMC,http://conteudo.icmc.usp.br/pessoas/rafrance,pdtTa-8AAAAJ
Roseli Aparecida Francelin Romero,USP-ICMC,http://conteudo.icmc.usp.br/pessoas/rafrance,pdtTa-8AAAAJ
Roshan Dharshana Yapa,University of Peradeniya,https://sci.pdn.ac.lk/scs/staff/Roshan-Yapa,hfEXzKYAAAAJ
Roshan G. Ragel,University of Peradeniya,https://people.ce.pdn.ac.lk/staff/academic/roshan-ragel/,UTYj8usAAAAJ
Roshan L. Peiris,Rochester Institute of Technology,https://www.rit.edu/directory/rxpics-roshan-peiris,cVEUHIIAAAAJ
Roshni Chakraborty,University of Tartu,https://www.etis.ee/CV/Roshni_Chakraborty/eng/,9yWBPqoAAAAJ
Rosli Bin Salleh,University of Malaya,https://umexpert.um.edu.my/rosli_salleh,6SFSABkAAAAJ
Rosli Salleh,University of Malaya,https://umexpert.um.edu.my/rosli_salleh,6SFSABkAAAAJ
Ross D. King,University of Manchester,https://www.research.manchester.ac.uk/portal/ross.king.html,BgZp7XcAAAAJ
Ross J. Anderson,University of Cambridge,https://www.cl.cam.ac.uk/~rja14,WgyDcoUAAAAJ
Ross Maciejewski,Arizona State University,http://rmaciejewski.faculty.asu.edu,nChgOjEAAAAJ
Ross Paterson,City University of London,https://www.city.ac.uk/people/academics/ross-paterson,p-9vNkIAAAAJ
Ross T. Whitaker,University of Utah,http://www.cs.utah.edu/~whitaker,FaOZ6EMAAAAJ
Rossano Venturini,University of Pisa,http://pages.di.unipi.it/rossano,FhcyCswAAAAJ
Rosta Farzan,University of Pittsburgh,http://rosta-farzan.net,uQTkheYAAAAJ
Rotem Oshman,Tel Aviv University,http://www.cs.tau.ac.il/~roshman,NOSCHOLARPAGE
Routo Terada,USP,http://www.ime.usp.br/~rt,NH6zsPUAAAAJ
Roxana Geambasu,Columbia University,https://roxanageambasu.github.io,NOSCHOLARPAGE
Roxana Girju,Univ. of Illinois at Urbana-Champaign,http://www.linguistics.illinois.edu/people/girju,NOSCHOLARPAGE
Roy A. Ruddle,University of Leeds,https://eps.leeds.ac.uk/computing/staff/257/professor-roy-ruddle,QE6gxWYAAAAJ
Roy Adams,Johns Hopkins University,https://royadams.github.io/,M5yRbdMAAAAJ
Roy Fox,Univ. of California - Irvine,https://roydfox.com,FH9nKOAAAAAJ
Roy Friedman,Technion,http://www.cs.technion.ac.il/~roy,qhJgyt4AAAAJ
Roy H. Campbell,Univ. of Illinois at Urbana-Champaign,http://cs.illinois.edu/directory/profile/rhc,2ftJYXMAAAAJ
Roy Ka-Wei Lee,SUTD,https://istd.sutd.edu.sg/people/faculty/roy-lee,uQxdOlsAAAAJ
Roy M. Turner,University of Maine,https://umaine.edu/scis/faculty-and-staff/roy-m-turner,smEVZp4AAAAJ
Roy Maxion,Carnegie Mellon University,http://www.cs.cmu.edu/~maxion,2buw6_IAAAAJ
Roy P. Pargas,Clemson University,https://people.cs.clemson.edu/~pargas,NOSCHOLARPAGE
Roy Poranne,University of Haifa,https://inf.ethz.ch/personal/poranner,xC6XLaYAAAAJ
Roy Schwartz 0001,Hebrew University of Jerusalem,https://schwartz-lab-huji.github.io,wvfWo9IAAAAJ
Roy Schwartz 0002,Technion,http://www.cs.technion.ac.il/people/schwartz,VTvD_YQAAAAJ
Roya Ensafi,University of Michigan,https://ensa.fi,1eDQjxcAAAAJ
Rozenn Dahyot,Maynooth University,https://roznn.github.io/,nUbM7GYAAAAJ
Rozita A. Dara,University of Guelph,http://www.uoguelph.ca/~drozita/members,NOSCHOLARPAGE
Rozita Dara,University of Guelph,http://www.uoguelph.ca/~drozita/members,NOSCHOLARPAGE
Ruba Abu-Salma,King's College London,https://www.kcl.ac.uk/people/ruba-abu-salma,0X6B3fEAAAAJ
Rubby Casallas,Universidad de los Andes,https://profesores.virtual.uniandes.edu.co/rcasalla/es/inicio,WVzxlbUAAAAJ
Rubem P. Mondaini,UFRJ,http://www.cos.ufrj.br/index.php/pt-BR/pessoas/details/18/1051-mondaini,NOSCHOLARPAGE
Ruben A. Gamboa,University of Wyoming,https://www.uwyo.edu/cosc/cosc-directory/ruben/index.html,wFHEcsgAAAAJ
Ruben Gamboa,University of Wyoming,https://www.uwyo.edu/cosc/cosc-directory/ruben/index.html,wFHEcsgAAAAJ
Ruben Kruiper,Heriot-Watt University,https://www.hw.ac.uk/uk/profiles/teaching/macs/ruben-kruiper.htm,PMO_ww0AAAAJ
Ruben Mayer,University of Bayreuth,https://ruben-mayer.com/,ex-eO0UAAAAJ
Rubing Huang,MUST,https://huangrubing.github.io/,-MXImc4AAAAJ
Ruby B. Lee,Princeton University,https://www.princeton.edu/~rblee,odeKATgAAAAJ
Rubén Tous,Polytechnic University of Catalonia,http://personals.ac.upc.edu/rtous,eSkDKsAAAAAJ
Rucha Joshi,Plaksha University,https://plaksha.edu.in/faculty-details/dr-rucha-joshi,KicDEkMAAAAJ
Ruchir Gupta,IIT (BHU) Varanasi,http://www.iitbhu.ac.in/cse/index.php/people/faculty.html,eIlo7rEAAAAJ
Rudi Knorr,University of Augsburg,https://www.informatik.uni-augsburg.de/lehrstuehle/lks/mitarbeiter/knorr,NOSCHOLARPAGE
Rudinei Goularte,USP-ICMC,http://icmc.usp.br/pessoas?id=4325947,6lc68RgAAAAJ
Rudolf Eigenmann,University of Delaware,https://www.cis.udel.edu/people/faculty-profile/?id=1141,pM3DuC0AAAAJ
Rudolf Fleischer,Fudan University,http://www.tcs.fudan.edu.cn/~rudolf,rNGxPRgAAAAJ
Rudolf Freund,TU Wien,https://www.logic.at/staff/rudi/indexe.html,ATDSEUwAAAAJ
Rudolf H. Mak,TU Eindhoven,https://www.tue.nl/en/university/departments/mathematics-and-computer-science/the-department/staff/detail/ep/e/d/ep-uid/19820121,ZtO9BeIAAAAJ
Rudolf Mathon,University of Toronto,http://www.cs.toronto.edu/dcs/people-faculty-combin.html,TtReo2kAAAAJ
Rudolf Stollberger,Graz University of Technology,https://www.tugraz.at/institutes/imt/home,5prEu_4AAAAJ
Rudolph P. Darken,Naval Postgraduate School,http://faculty.nps.edu/vitae/cgi-bin/vita.cgi?p=display_vita&id=1023567683,NOSCHOLARPAGE
Rudra Dutta,North Carolina State University,http://dutta.csc.ncsu.edu,FODlT4sAAAAJ
Rudra Pratap,Plaksha University,https://plaksha.edu.in/faculty-details/dr-rudra-pratap,KiDhcfkAAAAJ
Rudy Arthur,University of Exeter,http://emps.exeter.ac.uk/computer-science/staff/ra414,yHf0w3gAAAAJ
Rudy Darken,Naval Postgraduate School,http://faculty.nps.edu/vitae/cgi-bin/vita.cgi?p=display_vita&id=1023567683,NOSCHOLARPAGE
Ruey-Feng Chang,National Taiwan University,https://www.csie.ntu.edu.tw/~rfchang,NOSCHOLARPAGE
Ruhui Ma,Shanghai Jiao Tong University,https://cs.sjtu.edu.cn/en/PeopleDetail.aspx?id=329,PcrtqDsAAAAJ
Rui Abreu,Universidade de Lisboa,https://pt-pt.facebook.com/public/Rui-Abreu/city/Lisboa-110432202311659,x25BFgEAAAAJ
Rui Abreu 0001,Universidade de Lisboa,https://pt-pt.facebook.com/public/Rui-Abreu/city/Lisboa-110432202311659,x25BFgEAAAAJ
Rui Dai 0002,University of Cincinnati,http://www.ceas3.uc.edu/profiles/dairi,5FpqqysAAAAJ
Rui Fan 0004,ShanghaiTech University,https://sist.shanghaitech.edu.cn/sist_en/2020/0814/c7582a54758/page.htm,NOSCHOLARPAGE
Rui Filipe Lima Maranhão de Abreu,Universidade de Lisboa,https://ruimaranhao.com,x25BFgEAAAAJ
Rui Huang 0001,CUHK (SZ),https://myweb.cuhk.edu.cn/ruihuang,t8UduWwAAAAJ
Rui Kuang,University of Minnesota,http://www-users.cs.umn.edu/~kuang,NOSCHOLARPAGE
Rui Li 0002,Rochester Institute of Technology,https://www.rit.edu/directory/rxlics-rui-li,AHx53ngAAAAJ
Rui Mao 0001,Shenzhen University,https://www.sics.ac.cn/mao/szu/eng,MVbJ9wQAAAAJ
Rui Ponte Costa,University of Bristol,https://research-information.bris.ac.uk/en/persons/rui-ponte-costa,otGgQKQAAAAJ
Rui Prada,Universidade de Lisboa,http://gaips.inesc-id.pt/component/gaips/people/displayPerson/8/11,UvoCzwcAAAAJ
Rui Wang 0003,University of Massachusetts Amherst,https://people.cs.umass.edu/~ruiwang/,MvEiaLgAAAAJ
Rui Wang 0004,Zhejiang University,http://www.cad.zju.edu.cn/home/rwang,yUxnN_EAAAAJ
Rui Wang 0015,Shanghai Jiao Tong University,http://bcmi.sjtu.edu.cn/home/wangrui,oTU0v5IAAAAJ
Rui Yamaguchi,University of Tokyo,http://bonsai.hgc.jp/~ruiy,NOSCHOLARPAGE
Rui Yan 0001,Renmin University of China,http://www.ruiyan.me,NOSCHOLARPAGE
Rui Yu 0002,University of Louisville,https://ruiyu0.github.io,wTAyQhIAAAAJ
Rui Zhang 0007,University of Delaware,https://www.eecis.udel.edu/~ruizhang,Htf2zbsAAAAJ
Rui Zhang 0037,Pennsylvania State University,https://ryanzhumich.github.io,8GCLiUwAAAAJ
Rui Zhao 0005,University of Nebraska - Omaha,https://sites.google.com/view/ruizhao/home,pECklRAAAAAJ
Ruibang Luo,University of Hong Kong,http://www.bio8.cs.hku.hk,CwGy9jsAAAAJ
Ruifeng Xu 0001,Harbin Institute of Technology,http://www.hitsz.edu.cn/teacher/view/id-492.html,mObXnNIAAAAJ
Ruihai Dong,University College Dublin,https://people.ucd.ie/ruihai.dong,icGRQ68AAAAJ
Ruihong Huang,Texas A&M University,https://engineering.tamu.edu/cse/people/huang-ruihong,NU2aHWUAAAAJ
Ruihua Song,Renmin University of China,http://ai.ruc.edu.cn/faculty/rsong,v5LctN8AAAAJ
Ruihua Zhang,Shandong University,http://www.cs.sdu.edu.cn/info/1091/2352.htm,NOSCHOLARPAGE
Ruihui Li,Hunan University,https://liruihui.github.io,kFNXpOsAAAAJ
Ruimao Zhang,CUHK (SZ),http://zhangruimao.site/,ZJwZdtgAAAAJ
Ruimin Hu,Wuhan University,https://cs.whu.edu.cn/info/1019/2880.htm,c9ZfhU0AAAAJ
Ruimin Shen,Shanghai Jiao Tong University,https://cs.sjtu.edu.cn/~shen-rm/index_2.html,NOSCHOLARPAGE
Ruimin Sun,Florida International University,https://www.ruiminsun.com/,PPnRtaoAAAAJ
Ruini Xue,UESTC,https://www.en.scse.uestc.edu.cn/info/1085/2004.htm,1Pnz1OkAAAAJ
Ruiping Wang 0001,Chinese Academy of Sciences,http://vipl.ict.ac.cn/homepage/rpwang/index.htm,duIUwpwAAAAJ
Ruiqin Xiong,Peking University,http://idm.pku.edu.cn/staff/xiongruiqin/home.html,46Rur-YAAAAJ
Ruishan Liu,University of Southern California,https://viterbi-web.usc.edu/~ruishanl/,7UkqY6gAAAAJ
Ruitao Xie,Shenzhen University,https://rtxie.github.io,eWCNDKIAAAAJ
Ruixiang Tang,Rutgers University,https://www.ruixiangtang.net/,T575jsoAAAAJ
Ruixuan Li 0001,HUST,http://faculty.hust.edu.cn/rxli/en/index.htm,scAIu2MAAAAJ
Ruiyuan Li,Chongqing University,http://www.kangry.net/blog/?type=about-me,Dza0loYAAAAJ
Ruizhe Li 0001,University of Aberdeen,https://www.abdn.ac.uk/people/ruizhe.li,f_5wLsUAAAAJ
Ruizhe Ma,University of Massachusetts Lowell,https://www.uml.edu/Sciences/computer-science/faculty/Ma-Ruizhe.aspx,LOsL_7gAAAAJ
Ruizhen Hu,Shenzhen University,http://csse.szu.edu.cn/staff/ruizhenhu,MloRITsAAAAJ
Rumi Chunara,New York University,https://rumichunara.github.io,7NhhkR8AAAAJ
Rumyana Neykova,Brunel University London,https://www.brunel.ac.uk/people/rumyana-neykova,AN2wqD0AAAAJ
Rune Kristian Lundedal Nielsen,IT University of Copenhagen,https://pure.itu.dk/portal/en/persons/rune-kristian-lundedal-nielsen(80784458-06f6-4eff-b0c8-df982ffa9835).html,xS-DSmQAAAAJ
Rune Møller Jensen,IT University of Copenhagen,https://pure.itu.dk/portal/en/persons/rune-moeller-jensen(4d7fda5a-3cf4-4d39-9daf-1ae192b0e0e7).html,NOSCHOLARPAGE
Runhua Xu,Beihang University,https://runhua.me/,tst3wGMAAAAJ
Runmin Cong,Shandong University,https://rmcong.github.io,-VrKJ0EAAAAJ
Runyao Duan,University of Technology Sydney,https://www.uts.edu.au/staff/runyao.duan,xcuO0hkAAAAJ
Runzhou Tao,University of Maryland - College Park,https://www.cs.umd.edu/people/rztao,I0EoZyQAAAAJ
Ruofeng Tong,Zhejiang University,http://give.zju.edu.cn/memberHomepage/TongRuofeng.html,jsoBob0AAAAJ
Ruoming Jin,Kent State University,http://www.cs.kent.edu/~jin,lNQmMTMAAAAJ
Ruonan Liu,Shanghai Jiao Tong University,https://automation.sjtu.edu.cn/Ruonan,jiAlRAwAAAAJ
Ruonan Rao,Shanghai Jiao Tong University,http://www.se.sjtu.edu.cn/teacher/teacherdetail.aspx?id=15,NOSCHOLARPAGE
Ruoxi Jia 0001,Virginia Tech,https://ece.vt.edu/people/profile/ruoxijia.html,JCrug-YAAAAJ
Ruoyu Sun 0001,CUHK (SZ),https://ruoyus.github.io/,PsfzbCMAAAAJ
Ruoyu Wang 0001,Arizona State University,https://ruoyuwang.me,pi3Z8FgAAAAJ
Ruozhou Yu,North Carolina State University,https://people.engr.ncsu.edu/ryu5,WbFCWFsAAAAJ
Rupak Majumdar [SWS],Max Planck Society,https://www.mpi-sws.org/~rupak,COuXyKwAAAAJ
Rupal Patel,Northeastern University,http://www.northeastern.edu/bouve/directory/rupal-patel,iPDwvU8AAAAJ
Rupeng Yang,University of Wollongong,https://scholars.uow.edu.au/rupeng-yang,GAtgfAoAAAAJ
Rupesh Nasre,IIT Madras,http://www.cse.iitm.ac.in/~rupesh,kfUNJb8AAAAJ
Ruppa (Tulsi) Thulasiram,University of Manitoba,http://www.cs.umanitoba.ca/~tulsi,NOSCHOLARPAGE
Ruqi Zhang,Purdue University,https://ruqizhang.github.io/,4ojpmc8AAAAJ
Rushikesh Joshi,IIT Bombay,https://www.cse.iitb.ac.in/~rkj,zmDfshUAAAAJ
Rushikesh K. Joshi,IIT Bombay,https://www.cse.iitb.ac.in/~rkj,zmDfshUAAAAJ
Ruslan Nikolaev 0001,Pennsylvania State University,https://rusnikola.github.io/,CsiaC0cAAAAJ
Russ Greiner,University of Alberta,https://webdocs.cs.ualberta.ca/~greiner,Rn7APGIAAAAJ
Russ Harmer,Ecole Normale Superieure de Lyon,http://perso.ens-lyon.fr/russell.harmer,NOSCHOLARPAGE
Russ Joseph,Northwestern University,http://www.ece.northwestern.edu/~rjoseph,Zu-wy4wAAAAJ
Russ Miller,University at Buffalo,https://www.cse.buffalo.edu/faculty/miller,W5Me4Q8AAAAJ
Russ Tedrake,Massachusetts Institute of Technology,https://groups.csail.mit.edu/locomotion/russt.html,nxNkEiYAAAAJ
Russell Beale,University of Birmingham,https://www.birmingham.ac.uk/staff/profiles/computer-science/academic-staff/beale-russell.aspx,kr40Kd8AAAAJ
Russell Greiner,University of Alberta,https://webdocs.cs.ualberta.ca/~greiner,Rn7APGIAAAAJ
Russell H. Taylor,Johns Hopkins University,http://www.cs.jhu.edu/~rht,Ph16U5wAAAAJ
Russell Harmer,Ecole Normale Superieure de Lyon,http://perso.ens-lyon.fr/russell.harmer,NOSCHOLARPAGE
Russell Highsmith Taylor,Johns Hopkins University,http://www.cs.jhu.edu/~rht,Ph16U5wAAAAJ
Russell Impagliazzo,Univ. of California - San Diego,https://cseweb.ucsd.edu/~russell,VwQRddkAAAAJ
Russell J. Bradford,University of Bath,http://www.bath.ac.uk/comp-sci/contacts/academics/russell_bradford,82dRKOQAAAAJ
Russell L. Tedrake,Massachusetts Institute of Technology,https://groups.csail.mit.edu/locomotion/russt.html,nxNkEiYAAAAJ
Russell Lock,Loughborough University,https://www.lboro.ac.uk/departments/compsci/staff/academic-teaching/russell-lock,iMlCZkIAAAAJ
Russell Miller,CUNY,http://qcpages.qc.cuny.edu/~rmiller,WxCwDn8AAAAJ
Russell W. F. Lai,Aalto University,https://www.aalto.fi/en/people/russell-w-f-lai,UHNj5i4AAAAJ
Ruta Mehta,Univ. of Illinois at Urbana-Champaign,https://cs.illinois.edu/directory/profile/rutameht,NfvUWXgAAAAJ
Ruth Aylett,Heriot-Watt University,http://www.macs.hw.ac.uk/~ruth,qxC_AUAAAAAJ
Ruth Breu,University of Innsbruck,https://qe-informatik.uibk.ac.at/doctors/ruth-breu,wjWOdgUAAAAJ
Ruth Iris Bahar,Colorado School of Mines,https://people.mines.edu/ribahar,kfIj9oYAAAAJ
Ruth Letham,University of St Andrews,https://rah11.host.cs.st-andrews.ac.uk,NOSCHOLARPAGE
Ruth Milman,Ontario Tech University,https://engineering.ontariotechu.ca/people/ecse/ruth.milman.php,NOSCHOLARPAGE
Ruth Misener,Imperial College London,https://wp.doc.ic.ac.uk/rmisener,zvEK6hMAAAAJ
Ruth S. Aylett,Heriot-Watt University,http://www.macs.hw.ac.uk/~ruth,qxC_AUAAAAAJ
Ruth Urner,York University,https://www.eecs.yorku.ca/~ruth,O7p7lRAAAAAJ
Rutu Parekh,DAIICT,http://faculty.daiict.ac.in/rutu-parikh,NOSCHOLARPAGE
Ruurd Kuiper 0001,TU Eindhoven,https://www.tue.nl/en/university/departments/mathematics-and-computer-science/the-department/staff/detail/ep/e/d/ep-uid/19860157/ep-tab/3,FTfgmDQAAAAJ
Ruwan B. Tennakoon,RMIT University,https://www.rmit.edu.au/contact/staff-contacts/academic-staff/t/tennakoon-dr-ruwan,jJLCih0AAAAJ
Ruwan Bandara Tennakoon,RMIT University,https://www.rmit.edu.au/contact/staff-contacts/academic-staff/t/tennakoon-dr-ruwan,jJLCih0AAAAJ
Ruy J. G. B. de Queiroz,UFPE,https://www.cin.ufpe.br/~ruy,_g7Y7wUAAAAJ
Ruy José Guerra Barretto de Queiroz,UFPE,https://www.cin.ufpe.br/~ruy,_g7Y7wUAAAAJ
Ruzanna Chitchyan,University of Bristol,https://research-information.bris.ac.uk/en/persons/ruzanna-chitchyan,puu5arMAAAAJ
Ruzena Bajcsy,University of Pennsylvania,https://www.grasp.upenn.edu/people/ruzena-bajcsy/,NOSCHOLARPAGE
Ruzena Bajcsyová,University of Pennsylvania,https://www.grasp.upenn.edu/people/ruzena-bajcsy/,NOSCHOLARPAGE
Ruzica Piskac,Yale University,http://www.cs.yale.edu/~piskac,71RQt3sAAAAJ
Ryan B. Hayward,University of Alberta,https://webdocs.cs.ualberta.ca/~hayward,h-VFYuUAAAAJ
Ryan Baker 0001,University of Pennsylvania,http://www.upenn.edu/learninganalytics/ryanbaker/index.html,hvs8PEoAAAAJ
Ryan C. N. D'Arcy,Simon Fraser University,http://www.sfu.ca/engineering/people/faculty/ryan_darcy.html,APPBnh4AAAAJ
Ryan Cotterell,ETH Zurich,https://ryancotterell.github.io,DexOqtoAAAAJ
Ryan Farrell,Brigham Young University,https://faculty.cs.byu.edu/~farrell,56EZh6YAAAAJ
Ryan Hayward,University of Alberta,https://webdocs.cs.ualberta.ca/~hayward,h-VFYuUAAAAJ
Ryan Henry,University of Calgary,http://homes.soic.indiana.edu/henry,kj6ctNwAAAAJ
Ryan J. Leduc,McMaster University,http://www.cas.mcmaster.ca/~leduc,YFaGsQYAAAAJ
Ryan K. L. Ko,University of Queensland,https://researchers.uq.edu.au/researcher/23784,doBtsCkAAAAJ
Ryan Kastner,Univ. of California - San Diego,http://kastner.ucsd.edu,lfLiQmcAAAAJ
Ryan Kok Leong Ko,University of Queensland,https://researchers.uq.edu.au/researcher/23784,doBtsCkAAAAJ
Ryan Layer,University of Colorado Boulder,http://layerlab.org,AXnmFTIAAAAJ
Ryan M. Layer,University of Colorado Boulder,http://layerlab.org,AXnmFTIAAAAJ
Ryan Marcus,University of Pennsylvania,https://rmarcus.info/,vPOl-IwAAAAJ
Ryan O'Donnell,Carnegie Mellon University,http://www.cs.cmu.edu/~odonnell,Z8U0BwcAAAAJ
Ryan P. Adams,Princeton University,https://www.cs.princeton.edu/~rpa,grQ_GBgAAAAJ
Ryan P. McMahan,Virginia Tech,https://website.cs.vt.edu/people/faculty/ryan-p-mcmahan.html,inGtCcMAAAAJ
Ryan Prescott Adams,Princeton University,https://www.cs.princeton.edu/~rpa,grQ_GBgAAAAJ
Ryan Riley,Qatar University,http://www.qu.edu.qa/engineering/computer/faculty/ryan.php,75JB_d0AAAAJ
Ryan Robucci,Univ. of Maryland - Baltimore County,https://eclipse.umbc.edu/robucci.html,Kdw47AcAAAAJ
Ryan S. Baker,University of Pennsylvania,http://www.upenn.edu/learninganalytics/ryanbaker/index.html,hvs8PEoAAAAJ
Ryan Shaun Baker,University of Pennsylvania,http://www.upenn.edu/learninganalytics/ryanbaker/index.html,hvs8PEoAAAAJ
Ryan Shaun Joazeiro de Baker,University of Pennsylvania,http://www.upenn.edu/learninganalytics/ryanbaker/index.html,hvs8PEoAAAAJ
Ryan Shea,Simon Fraser University,http://www.sfu.ca/~rws1,rOPt1L4AAAAJ
Ryan Stansifer,Florida Institute of Technology,https://cs.fit.edu/~ryan,NOSCHOLARPAGE
Ryan Stutsman,University of Utah,https://faculty.utah.edu/u0982239-Ryan_Stutsman/teaching/index.hml,pyZ_FH4AAAAJ
Ryan Tibshirani,Carnegie Mellon University,http://www.stat.cmu.edu/~ryantibs,cQ1P1qoAAAAJ
Ryan Williams,Massachusetts Institute of Technology,http://web.stanford.edu/~rrwill,Wp38QQYAAAAJ
Ryan Williams 0001,Massachusetts Institute of Technology,http://web.stanford.edu/~rrwill,Wp38QQYAAAAJ
Rym Mili,University of Texas at Dallas,http://www.utdallas.edu/~rmili,NOSCHOLARPAGE
Rym Wenkstern,University of Texas at Dallas,http://www.utdallas.edu/~rmili,NOSCHOLARPAGE
Rym Z. Wenkstern,University of Texas at Dallas,http://www.utdallas.edu/~rmili,NOSCHOLARPAGE
Rym Zalila Mili,University of Texas at Dallas,http://www.utdallas.edu/~rmili,NOSCHOLARPAGE
Rym Zalila-Wenkstern,University of Texas at Dallas,http://www.utdallas.edu/~rmili,NOSCHOLARPAGE
Rynson W. H. Lau,City University of Hong Kong,https://www.cs.cityu.edu.hk/~rynson,KilQqKYAAAAJ
Ryo Kashima,Tokyo Institute of Technology,http://www.is.c.titech.ac.jp/~is0000_kashima/lab/index-e.html,NOSCHOLARPAGE
Ryo Suzuki 0001,University of Colorado Boulder,https://ryosuzuki.org,klWjaQIAAAAJ
Ryohei Kanzaki,University of Tokyo,http://www.rcast.u-tokyo.ac.jp/research/people/staff-kanzaki_ryohei_en.html,91sdymMAAAAJ
Ryszard Janicki,McMaster University,http://www.cas.mcmaster.ca/~janicki,NOSCHOLARPAGE
Ryuhei Mori,Tokyo Institute of Technology,http://q.c.titech.ac.jp/profile.html,7q_zIE0AAAAJ
Ryuichi Shigemoto,IST Austria,https://ist.ac.at/research/research-groups/shigemoto-group,NOSCHOLARPAGE
Ryuma Niiyama,University of Tokyo,http://www.isi.imi.i.u-tokyo.ac.jp/en/member.html,NOSCHOLARPAGE
Ryusuke Sagawa,University of Tsukuba,https://staff.aist.go.jp/ryusuke.sagawa,aqKxVlQAAAAJ
Rémi A. Chou,University of Texas at Arlington,https://remichou.github.io/,1yJ_XP8AAAAJ
Rémi Emonet,Université Jean Monnet,http://home.heeere.com,TOqZIGgAAAAJ
Rémi Gilleron,CRIStAL,https://sites.google.com/view/remi-gilleron,dKliE7IAAAAJ
Rúben Gouveia 0001,Universidade de Lisboa,https://www.rubengouveia.com/,3Of_dqIAAAAJ
Rúben Gouveia 0001,Universidade de Lisboa,https://ciencias.ulisboa.pt/en/perfil/rhgouveia,3Of_dqIAAAAJ
Rüdiger Dillmann,Karlsruhe Institute of Technology,http://his.anthropomatik.kit.edu/21_321.php,8q019n8AAAAJ
Rüdiger Ehlers,TU Clausthal,https://www.isse.tu-clausthal.de/ueber-uns/team-neu/institutsverwaltung/prof-dr-ruediger-ehlers,nAD0OHIAAAAJ
Rüdiger Kapitza,TU Braunschweig,https://www.ibr.cs.tu-bs.de/users/kapitza,YRYGWv0AAAAJ
Rüdiger L. Urbanke,EPFL,https://people.epfl.ch/rudiger.urbanke,vFWw1NoAAAAJ
Rüdiger Reischuk,University of Lübeck,http://www.tcs.uni-luebeck.de/mitarbeiter/reischuk,NOSCHOLARPAGE
Rüdiger Schack,Royal Holloway University of London,https://pure.royalholloway.ac.uk/portal/en/persons/ruediger-schack,tjusX-4AAAAJ
Rüdiger Westermann,TU Munich,https://wwwcg.in.tum.de/group/persons/westermann.html,a8YUuWwAAAAJ
